H/N	A115	142	8.41	121.717	244988	228331	33
H/N	A116	42	9.569	113.538	-5358	-13449	31
H/N	A133	169	8.179	124.801	456661	456662	10
H/N	A152	75	8.32	121.211	1053827	1905181	31
H/N	A173	86	8.742	123.15	247774	40300	31
H/N	A247	46	7.917	120.007	466115	201304	33
H/N	A257	200	8.385	123.598	671442	675640	10
H/N	A38	198	7.534	127.585	932229	932230	10
H/N	A54	103	7.182	120.041	916117	-19701	30
H/N	A77	29	8.083	123.558	1342884	1394471	33
H/N	C205	19	6.473	113.676	148573	30087	33
H/N	D101	16	8.719	121.309	923560	923504	13
H/N	D110	153	10.056	132.738	457389	457389	10
H/N	D129	262	7.516	116.221	691727	692094	10
H/N	D138	253	7.58	114.812	539938	543195	31
H/N	D161	206	7.928	117.116	-108894	217244	31
H/N	D164	205	7.791	115.791	1010754	1010764	31
H/N	D174	112	8.413	121.913	1003006	1015127	31
H/N	D179	37	7.635	127.686	377313	377927	10
H/N	D189	22	7.621	122.135	560650	-11183	30
H/N	D32	134	8.281	118.179	411348	1102387	30
H/N	D34	123	7.599	128.415	571638	595551	10
H/N	D41	197	7.716	128.91	476295	476295	10
H/N	D52	82	8.934	120.622	544514	544649	11
H/N	D71	166	8.234	116.859	909514	14226	33
H/N	D72	83	8.954	131.726	583916	583916	10
H/N	E186	119	8.316	116.5	159899	163511	31
H/N	E204	34	8.161	123.811	289201	140526	33
H/N	E213	152	9.472	122.318	559193	559193	10
H/N	E220	214	8.289	118.306	285530	1330712	31
H/N	E233	158	8.312	121.267	965859	1887729	31
H/N	E235	247	7.264	119.955	1038389	365586	30
H/N	E237	26	8.107	123.164	509201	1076209	31
H/N	E238	257	8.827	129.891	437572	437572	10
H/N	E26	93	9.232	117.113	70058	386668	10
H/N	E69	53	7.959	123.274	470411	302866	33
H/N	F130	13	7.75	119.845	122654	327022	33
H/N	F175	64	7.735	125.029	293754	447342	10
H/N	F178	243	7.903	118.65	629001	629001	10
H/N	F225	100	6.495	118.136	142933	8545	30
H/N	F230	63	8.522	116.865	322909	322909	10
H/N	F259	91	6.742	118.072	644789	644789	10
H/N	F70	140	8.41	118.91	1320697	-45698	31
H/N	G102	161	7.843	103.061	509745	509745	10
H/N	G104	27	9.097	107.246	2989	4097	30
H/N	G128	172	7.777	107.256	487930	487930	10
H/N	G131	204	8.441	104.281	431402	431402	10
H/N	G139	6	7.5	107.28	11327	4500	31
H/N	G150	61	9.228	118.378	698254	698264	10
H/N	G170	268	8.909	116.978	331650	331650	10
H/N	G182	118	7.01	102.455	438601	438601	10
H/N	G195	241	8.004	109.495	4460	48462	33
H/N	G232	232	8.638	104.762	403636	403636	10
H/N	G234	269	8.979	114.095	527197	527197	10
H/N	G25	239	8.242	108.783	36268	36268	22
H/N	G63	264	9.683	109.051	239602	239602	30
H/N	G8	265	8.153	110.856	225787	225786	10
H/N	G81	57	8.841	106.271	696208	696208	10
H/N	G82	210	6.984	108.682	542953	558466	30
H/N	G86	261	7.699	109.236	1456000	1513762	10
H/N	G98	240	8.123	107.891	76353	7545	31
H/N	I166	60	6.977	116.079	256023	11313	30
H/N	I209	72	8.67	127.566	-11008	-35131	31
H/N	I215	11	9.738	114.098	522834	522834	10
H/N	I255	209	8.768	124.134	549676	709576	10
H/N	I33	102	9.179	128.855	-4811	-3641	31
H/N	I59	226	8.669	121.688	142227	237421	31
H/N	K111	175	10.182	110.153	466842	466842	10
H/N	K112	199	8.685	125.064	36431	-50840	31
H/N	K113	256	8.5	122.801	21628	237057	31
H/N	K126	111	7.794	122.685	656296	754825	10
H/N	K132	74	7.941	119.936	537290	261781	33
H/N	K148	104	9.535	119.892	499562	499565	10
H/N	K153	259	8.595	123.888	428466	427803	30
H/N	K158	62	8.673	115.428	725434	723974	11
H/N	K167	237	7.068	117.108	419050	9806	31
H/N	K169	138	7.326	120.377	374068	399008	30
H/N	K171	182	7.699	120.112	667441	668441	30
H/N	K212	52	7.951	122.899	-67694	75808	33
H/N	K224	80	6.509	114.798	625365	625365	30
H/N	K227	190	6.323	113.678	503201	503201	30
H/N	K24	144	7.11	114.484	590812	821669	13
H/N	K251	89	8.515	114.138	541013	541013	10
H/N	K256	92	8.675	126.613	180888	69445	30
H/N	K260	85	7.789	124.599	258012	503201	10
H/N	K39	21	8.118	122.881	1077775	1287521	10
H/N	K45	51	7.397	122.871	706489	706491	30
H/N	K76	25	7.81	124.326	999954	1063120	10
H/N	K80	220	8.201	120.693	791222	818584	10
H/N	L100	99	7.347	119.017	562826	562828	10
H/N	L147	43	9.089	121.094	-5452	-5398	22
H/N	L156	203	7.239	116.494	429842	594824	30
H/N	L163	185	6.502	121.133	438087	438087	10
H/N	L183	3	6.982	117.241	721916	30542	31
H/N	L184	180	6.547	113.114	573009	573009	30
H/N	L188	163	8.788	125.829	669470	669470	10
H/N	L211	165	10.557	128.287	-9759	-4726	33
H/N	L223	106	7.757	120.443	869195	878229	31
H/N	L228	219	6.457	118.806	561374	561374	30
H/N	L239	236	8.456	125.709	482835	16453	30
H/N	L250	188	8.317	125.517	536650	-8998	30
H/N	L44	201	6.955	123.083	891598	891598	10
H/N	L47	167	8.966	125.806	673646	673583	10
H/N	L57	33	8.631	117.383	333193	333193	10
H/N	L60	113	8.423	123.488	55755	105537	22
H/N	L79	230	8.816	123.582	154020	309411	33
H/N	L84	73	7.575	120.059	640413	676668	30
H/N	L90	156	8.245	123.651	-36087	149070	33
H/N	N124	176	8.869	119.534	217941	218786	31
H/N	N177	50	9.459	115.257	458843	458843	10
H/N	N229	40	8.425	117.973	448662	448663	10
H/N	N231	130	7.936	110.437	522834	522834	10
H/N	N61	249	8.158	120.874	190924	39313	33
H/N	N62	271	8.012	123.314	197344	176880	33
H/N	Q103	193	8.158	115.709	374144	410320	33
H/N	Q135	252	6.644	114.005	778477	14703	31
H/N	Q136	244	7.404	118.137	499548	499565	31
H/N	Q157	195	7.453	121.97	765108	-27058	30
H/N	Q221	235	7.329	117.781	697225	697236	31
H/N	Q248	157	8.389	121.383	126621	177394	13
H/N	Q254	164	8.296	117.886	144664	259236	31
H/N	Q28	109	7.535	115.407	129519	201304	13
H/N	Q53	47	7.866	114.185	785642	789789	10
H/N	Q74	122	7.587	117.62	996220	996220	10
H/N	R181	215	8.191	118.134	221033	-19315	31
H/N	R226	35	6.126	108.36	261781	261781	30
H/N	R253	70	6.944	118.232	710278	738371	10
H/N	R27	186	8.693	120.635	-29399	-23748	22
H/N	R58	274	6.895	114.397	534469	534469	31
H/N	R89	194	8.403	122.521	231212	265780	33
H/N	S105	36	8.996	109.91	511571	8204	31
H/N	S151	121	8.404	124.598	665292	665356	10
H/N	S165	71	7.613	113.242	808300	808300	10
H/N	S172	135	8.213	113.64	811385	811385	10
H/N	S187	7	7.819	111.517	1044214	1044214	10
H/N	S216	117	8.306	116.794	478681	17839	33
H/N	S218	30	8.309	115.827	559218	562828	31
H/N	S219	154	9.252	117.286	819267	846350	10
H/N	S258	233	9.072	116.581	483567	483567	10
H/N	S43	148	8.421	115.28	1464400	1464400	10
H/N	S48	44	8.36	119.599	896928	936593	10
H/N	S50	150	8.226	122.632	787693	787732	10
H/N	S56	2	9.685	126.216	457389	457389	10
H/N	S73	147	8.764	115.929	106254	109908	11
H/N	S99	137	8.283	111.644	262872	-38085	21
H/N	T108	95	8.328	110.288	155796	-12179	31
H/N	T125	168	8.029	117.094	443296	453753	10
H/N	T168	59	6.301	98.243	613730	613730	10
H/N	T176	225	7.821	114.617	544427	816527	10
H/N	T192	254	9.673	115.049	639647	639647	10
H/N	T207	49	7.504	123.388	637776	637590	22
H/N	T35	87	10.469	122.396	498838	498838	10
H/N	T37	272	7.681	108.775	635228	770250	10
H/N	T55	221	9.162	120.414	307362	353246	10
H/N	T87	160	8.357	116.538	941953	959862	10
H/N	V109	10	8.366	119.437	-8146	55083	33
H/N	V134	66	7.583	108.458	36586	685924	31
H/N	V149	129	8.783	121.699	189540	30496	31
H/N	V159	216	6.443	112.661	50317	26738	31
H/N	V160	189	6.636	113.726	248265	19770	33
H/N	V162	223	6.628	113.447	8968	13321	33
H/N	V210	84	10.172	129.019	25903	-28405	30
H/N	V217	191	8.71	116.035	624843	628274	10
H/N	V222	149	7.099	114.367	200973	335249	33
H/N	V241	110	6.121	114.305	210045	210045	30
H/N	V31	128	5.997	106.167	4665	-6025	31
H/N	V49	155	8.318	127.496	768205	768194	10
H/N	V68	275	8.356	121.378	117618	255600	13
H/N	V78	41	8.188	115.488	634505	18271	33
H/N	W123	184	8.769	118.678	111064	111065	13
H/N	W191	208	10.029	117.682	4778	7681	30
H/N	W208	23	7.16	128.694	133494	-7442	30
H/N	Y114	105	9.65	122.769	529871	14067	31
H/N	Y127	245	7.568	115.572	581335	599914	10
H/N	Y190	133	8.931	119.26	328518	198990	33
H/N	Y193	207	7.715	125.307	597169	672555	10
H/N	Y40	114	8.7	126.791	682511	764080	30
H/N	Y51	108	8.837	124.516	665307	425746	31
H/N	Y88	18	8.231	125.832	414947	414948	10