H/N A115	45	7.540	120.686	  160425	  160426		
H/N A116	68	8.095	112.213	  364044	  364044		
H/N A133	151	7.931	124.447	  310346	  310501		
H/N A141	199	8.812	122.941	  163096	  209531	3	
H/N A152	142	8.312	121.057	  114994	  318795	3	
H/N A173	56	8.990	123.537	  187557	  293049	3	
H/N A23	74	8.563	123.163	  -66526	  144889	3	
H/N A247	169	7.981	120.542	  166943	  244329	3	
H/N A257	104	8.312	123.528	  245012	  245783		
H/N A38	82	7.478	127.765	  426774	  426774		
H/N A54	17	7.379	120.305	  436878	  438087		
H/N A77	135	8.250	123.928	   49017	   65900	3	
H/N C205	176	7.507	114.561	  129614	  129618		
H/N D101	144	8.827	121.400	   66152	  116893	3	
H/N D110	145	9.631	132.206	  182536	  182536		
H/N D129	83	7.442	116.393	  218338	  298139		
H/N D138	152	7.832	114.949	  736583	  878229	3	
H/N D161	31	8.326	117.625	  212652	  213130		
H/N D164	150	8.123	116.209	  485681	  559920	3	
H/N D174	149	8.579	122.177	  296476	  350675	3	
H/N D179	118	7.951	128.083	  192563	  192563		
H/N D189	76	7.386	122.004	  339218	  339363		
H/N D242	202	7.089	114.811	   54042	  102838	3	
H/N D32	111	8.276	118.203	  159507	  245056	3	
H/N D34	36	7.378	128.370	  155614	  155615		
H/N D41	32	7.673	128.824	  211845	  211845		
H/N D52	124	8.794	120.888	  106439	  145798	3	
H/N D71	212	8.371	116.977	  122917	  132709		
H/N D72	96	8.917	131.292	  235966	  235966		
H/N E106	24	8.189	118.811	  207102	  293049	3	
H/N E117	194	9.431	121.481	  195611	  195648		
H/N E186	35	8.156	116.069	  295504	  417519	3	
H/N E204	26	8.683	124.661	  153596	  153615		
H/N E213	205	8.848	121.656	  215485	  230876		
H/N E220	159	8.302	118.222	  167061	  256327	3	
H/N E233	171	8.314	121.289	  161444	  243602	3	
H/N E235	162	7.279	119.907	  340389	  340391		
H/N E237	30	8.179	123.287	  260690	  260690		
H/N E238	18	8.980	129.960	  137072	  137072		
H/N E26	154	9.353	117.843	  240693	  240693		
H/N E69	72	8.428	124.343	  103406	  135254	3	
H/N F130	187	7.557	119.571	   84799	   84841		
H/N F146	190	10.022	128.745	  111065	  111065		
H/N F175	217	7.937	125.137	  189043	  189221		
H/N F178	183	8.180	118.641	  146111	  268325	3	
H/N F225	86	7.065	118.637	  311041	  315228		
H/N F230	129	8.775	117.364	   50165	  116529	3	
H/N F259	63	6.615	117.904	  270143	  270143		
H/N F66	9	7.157	110.159	  -10010	  -10010	70	
H/N F70	113	8.493	119.072	  169510	  169682		
H/N F93	75	8.560	113.506	   13643	   13643	70	
H/N G102	37	7.608	102.622	  255964	  255964		
H/N G104	133	8.222	106.274	  168910	  168910		
H/N G128	43	7.797	107.559	  290867	  290868		
H/N G131	61	8.032	104.020	  273416	  273416		
H/N G139	115	7.910	107.606	   74716	   74717		
H/N G144	130	9.902	114.009	  170710	  170710		
H/N G150	39	9.078	118.053	  255236	  255236		
H/N G170	114	8.758	117.257	   84493	  117620	3	
H/N G182	3	7.234	102.532	  257782	  257782		
H/N G195	70	9.348	110.951	  201818	  201818		
H/N G232	85	8.609	104.849	  102581	  102581		
H/N G25	66	8.230	108.698	  167625	  167625		
H/N G63	10	9.650	109.337	   65537	   65537		
H/N G8	46	8.213	110.755	  193051	  193077		
H/N G81	158	8.956	106.441	  304684	  304684		
H/N G82	42	7.012	108.730	  174052	  174052		
H/N G86	109	7.841	109.700	  370728	  370728		
H/N H107	180	10.647	117.807	   81499	   81499		
H/N H119	143	8.915	125.779	  101972	  165568	3	
H/N H122	197	8.449	124.514	   75846	  124346	3	
H/N H36	8	8.585	119.833	  156705	  156705		
H/N H94	195	8.222	113.199	   61347	   61355		
H/N H96	127	8.680	115.255	   86380	  122892	34	
H/N I145	209	9.183	124.098	  141616	  141616		
H/N I166	216	7.360	116.358	  261452	  261781		
H/N I209	92	8.711	127.283	  191272	  191277		
H/N I215	12	8.891	113.359	  165568	  165568		
H/N I255	175	8.874	124.486	  230513	  230513		
H/N I33	116	8.689	128.449	  144525	  144525		
H/N I59	203	9.030	122.033	  197705	  197705		
H/N I91	211	8.821	123.100	   74630	  176109	3	
H/N K111	164	9.825	109.682	  109779	  109779		
H/N K112	102	8.217	124.496	  210154	  210302		
H/N K113	52	7.861	121.851	  113075	  113075		
H/N K126	98	7.884	123.043	  227938	  227968		
H/N K132	40	7.646	119.722	  149175	  149797		
H/N K148	64	8.919	118.885	   93088	  135254	3	
H/N K153	153	8.664	123.942	   76781	  113620	3	
H/N K158	157	8.658	115.604	  392980	  401065		
H/N K167	57	7.303	117.380	  110543	  110550		
H/N K169	47	7.433	120.591	   77097	   83941		
H/N K171	71	7.752	120.166	  117497	  132163	3	
H/N K212	100	7.298	122.007	  148726	  148888	3	
H/N K224	55	6.836	115.086	  154160	  154160		
H/N K227	99	6.789	113.980	  124164	  124164		
H/N K24	121	7.186	114.751	  132701	  134890	3	
H/N K251	184	8.820	114.472	  183050	  183050		
H/N K256	181	8.718	126.498	   86838	   87026		
H/N K260	28	7.672	124.225	  294504	  294504		
H/N K39	22	8.070	122.388	  306156	  306865		
H/N K45	50	7.430	122.610	  153998	  154160		
H/N K76	177	7.914	123.742	  147288	  147434		
H/N K80	93	8.326	120.968	  184487	  296322	3	
H/N L100	41	7.292	118.908	  291365	  293776		
H/N L118	207	9.740	130.551	   76262	   76262		
H/N L120	196	9.012	123.769	  207076	  272325	3	
H/N L140	206	8.761	115.826	  109586	  144162	3	
H/N L143	106	8.488	128.003	   98338	   98338		
H/N L147	6	8.168	120.223	  138701	  138708		
H/N L156	156	7.464	116.602	  253410	  321880		
H/N L163	13	7.021	121.834	  194106	  194106		
H/N L183	81	7.202	117.297	  199243	  199247		
H/N L184	141	6.568	113.149	  306502	  306502		
H/N L188	125	8.599	125.423	   84699	   86255		
H/N L202	189	9.130	120.327	   69627	   69627		
H/N L203	1	5.813	110.521	  128709	  128709		
H/N L211	34	8.958	126.667	  123619	  123619		
H/N L223	15	7.947	120.756	  495296	  521380	3	
H/N L228	163	7.060	119.216	  222233	  238512		
H/N L239	108	8.660	125.881	  188810	  298867	3	
H/N L250	146	8.633	125.929	  234105	  323423	3	
H/N L44	201	6.986	123.090	  315955	  315955		
H/N L47	60	8.938	125.737	  111037	  168139		
H/N L57	105	8.820	117.408	  100835	  108751	3	
H/N L60	120	8.640	123.922	   65414	  108622	3	
H/N L79	128	8.968	123.685	  113638	  223671	3	
H/N L84	198	7.698	120.190	  263632	  270507	3	
H/N L90	78	8.533	124.335	  102664	  102709	3	
H/N M240	20	8.572	123.261	  164748	  139980	3	
H/N N124	89	8.924	119.679	  157309	  223671	34	
H/N N177	29	9.679	115.448	  181250	  181251	3	
H/N N229	38	8.865	118.508	  145443	  146161		
H/N N231	16	8.122	110.695	   98544	   98596		
H/N N243	65	8.382	119.348	   90788	  135072	3	
H/N N61	117	8.405	121.441	  101997	  258145	3	
H/N N62	5	8.058	122.988	  225185	  226150		
H/N N67	137	8.945	119.565	  125637	  208760	3	
H/N Q103	200	7.802	115.003	  360579	  649931	3	
H/N Q135	148	6.510	114.076	  228695	  228695		
H/N Q136	185	7.524	118.311	  274492	  275597	3	
H/N Q157	173	7.733	122.412	  222129	  222129		
H/N Q221	186	7.473	117.858	  207647	  208503	3	
H/N Q248	80	8.697	121.997	  124528	  124528		
H/N Q254	87	8.523	118.132	  185621	  185621		
H/N Q28	53	7.660	115.536	  211074	  211074		
H/N Q53	97	7.965	114.231	  387624	  387696		
H/N Q74	178	7.684	117.634	  451572	  451572		
H/N Q92	174	7.328	115.676	  183536	  183822		
H/N R181	161	8.354	118.348	  137917	  147252	3	
H/N R226	90	6.588	108.842	  106437	  106437		
H/N R245	112	10.340	126.705	   65809	   65809		
H/N R253	62	7.253	118.448	  294297	  296685		
H/N R27	69	8.770	120.616	  218386	  238148	3	
H/N R58	49	7.104	114.672	   82363	  114529	3	
H/N R89	147	8.547	122.987	  168087	  163768		
H/N S105	140	7.213	107.706	  388210	  388210		
H/N S151	215	8.290	124.082	  112219	  120529		
H/N S165	23	7.929	113.546	  394310	  394381		
H/N S172	51	8.279	113.880	  291593	  291595		
H/N S187	94	7.573	111.295	  509745	  509745		
H/N S196	2	8.691	120.768	   72083	  135617	3	
H/N S216	107	8.041	116.832	  290466	  311956		
H/N S218	25	8.370	115.968	  146432	  200790	3	
H/N S219	213	9.240	117.264	  235239	  235239		
H/N S258	59	8.892	116.480	  118347	  118347		
H/N S29	134	8.109	118.471	   98279	   98981	4	
H/N S43	103	8.449	115.197	  394889	  394895		
H/N S48	7	8.424	119.511	  382773	  393352		
H/N S50	122	8.304	122.813	  316240	  316319		
H/N S56	132	9.958	126.462	  257782	  257782		
H/N S73	77	8.740	115.697	   69283	  124528	3	
H/N S99	14	8.351	111.709	  131436	  131436		
H/N T108	139	7.339	109.071	  242475	  242511		
H/N T125	214	8.069	117.089	  130647	  178423	34	
H/N T168	160	6.544	98.733	  325480	  325480		
H/N T176	19	8.051	114.957	  356331	  356331		
H/N T192	210	9.589	114.939	  213644	  213645	3	
H/N T199	192	6.812	107.734	   80856	   80856	4	
H/N T207	208	8.424	124.931	  169335	  172510		
H/N T35	182	10.255	122.411	  206189	  206189		
H/N T37	67	7.538	107.947	  286141	  286141		
H/N T55	95	9.399	120.796	  153931	  153978		
H/N T87	131	8.419	116.704	  303642	  307593		
H/N V109	4	7.599	118.466	  172294	  173024		
H/N V121	44	9.167	126.527	   58356	   58356		
H/N V134	165	7.346	108.385	   59115	   59265	4	
H/N V142	126	7.152	124.144	   16589	   16589	24	
H/N V149	168	8.385	121.560	  289027	  344505	3	
H/N V159	166	6.949	113.092	  200276	  200276		
H/N V160	73	7.251	114.475	  444662	  445285		
H/N V162	123	7.086	113.640	  283596	  283596		
H/N V206	188	7.105	119.037	  178559	  202075	34	
H/N V210	155	9.617	128.383	  180994	  180994		
H/N V217	101	8.491	115.942	  204891	  204903		
H/N V222	170	7.344	115.079	   73351	   73899		
H/N V241	79	6.633	115.007	  157432	  157432		
H/N V31	11	6.263	106.850	  147616	  147616		
H/N V49	58	8.361	127.457	  297776	  297776		
H/N V68	119	8.565	122.012	  100593	  260327	3	
H/N V78	204	8.346	115.822	  133892	  193334	3	
H/N W123	138	8.939	118.748	   82019	  129073	34	
H/N W191	33	9.509	117.240	  153615	  153615		
H/N W208	48	8.135	129.722	  130709	  130709		
H/N W244	27	6.390	114.013	  299230	  299230		
H/N W97	88	9.615	119.394	  163254	  163254		
H/N Y114	167	8.125	121.304	  204132	  204132		
H/N Y127	193	7.503	115.396	  220841	  220843		
H/N Y190	110	8.670	118.747	  192049	  192049		
H/N Y193	84	8.068	125.720	  170710	  170710		
H/N Y40	179	8.638	126.567	   94249	   94868		
H/N Y51	21	8.941	125.262	  -59080	  -55017	24	
H/N Y7	136	8.700	120.650	   85093	  140344	3	
H/N Y88	172	8.484	126.652	  155069	  155069		
