H/N A115	45	7.528	120.869	  502500	  320338	11	
H/N A116	68	8.097	112.117	  623200	  388725	11	
H/N A133	151	7.996	124.586	  620300	  449390	10	
H/N A141	199	8.854	122.895	  255000	  225786	3	
H/N A152	142	8.316	121.225	  376200	  519926	3	
H/N A173	56	8.983	123.342	  375200	  371757	3	
H/N A23	74	8.596	122.915	  296500	  235239	3	
H/N A247	169	7.935	120.367	  605700	  386154	11	
H/N A257	104	8.332	123.609	  348600	  315955	10	
H/N A38	82	7.446	127.670	  705500	  596278	10	
H/N A54	17	7.364	120.161	  736300	  581735	11	
H/N A77	135	8.212	123.846	  395800	  179965	3	
H/N C205	176	7.549	114.678	  249400	  201561	10	
H/N D101	144	8.833	121.411	  -53740	  215444	3	
H/N D110	145	9.648	132.245	  356800	  295231	10	
H/N D129	83	7.429	116.258	  731000	  593370	10	
H/N D138	152	7.842	114.861	  526400	  519926	13	
H/N D161	31	8.331	117.554	  403100	  344505	11	
H/N D164	150	8.117	116.349	  617200	  784647	3	
H/N D174	149	8.560	122.041	  493700	  592642	11	
H/N D179	118	7.946	128.074	  361500	  368671	11	
H/N D189	76	7.360	121.954	  559800	  443228		
H/N D242	202	7.101	114.735	  277000	  270871	3	
H/N D32	111	8.255	118.231	  321900	  221872	3	
H/N D34	36	7.452	128.250	  519900	  338849	11	
H/N D41	32	7.690	128.883	  344000	  310138	10	
H/N D52	124	8.816	121.263	 -210100	  337820	3	
H/N D71	212	8.366	116.979	  345000	  325480	11	
H/N D72	96	8.930	131.695	  474800	  427803	10	
H/N E106	24	8.255	119.175	  206900	  100395	11	
H/N E117	194	9.394	120.957	   18220	  265417		
H/N E186	35	8.159	116.147	  595300	  578826	3	
H/N E204	26	8.717	124.699	  344000	  248692	11	
H/N E213	205	8.857	121.669	  418000	  325480	3	
H/N E220	159	8.280	118.361	   14790	  441172	3	
H/N E233	171	8.344	121.332	  262900	  414948	3	
H/N E235	162	7.299	120.033	  477000	  527197		
H/N E237	30	8.188	123.355	  589300	  662271	3	
H/N E238	18	8.988	130.109	  418500	  309411	10	
H/N E26	154	9.330	117.739	  500300	  346047	11	
H/N E69	72	8.382	123.933	  444600	  255600	11	
H/N F130	187	7.492	119.723	  433500	  247238	11	
H/N F146	190	10.058	128.940	  318800	  198733		
H/N F175	217	7.938	125.277	  356800	  258509	11	
H/N F178	183	8.201	118.811	  546100	  399523	11	
H/N F225	86	7.056	118.750	  616600	  424718	11	
H/N F230	129	8.805	117.193	  267200	  188192	3	
H/N F259	63	6.606	117.989	  441200	  367129	11	
H/N F66	9	7.165	110.122	    8352	  189221		
H/N F70	113	8.549	118.908	  488700	  339363	11	
H/N F93	75	8.563	113.488	   28950	  277052		
H/N G102	37	7.623	102.781	  282900	  485021	10	
H/N G104	133	8.201	106.276	  434000	  278142	11	
H/N G128	43	7.779	107.426	  522800	  374842	10	
H/N G131	61	8.008	103.898	  637600	  408778	11	
H/N G139	115	7.894	107.624	  416500	  301412	11	
H/N G144	130	9.856	114.047	  148300	  253055	11	
H/N G150	39	9.066	118.110	  460300	  323423	10	
H/N G170	114	8.824	116.980	  239600	  201561	3	
H/N G182	3	7.244	102.630	  408800	  366615	11	
H/N G195	70	9.363	110.641	  406200	  339877	11	
H/N G232	85	8.624	104.787	  388200	  237421	11	
H/N G25	66	8.251	108.839	  337800	  286868	11	
H/N G63	10	9.657	108.876	  -17290	  228695		
H/N G8	46	8.249	110.959	  414400	  235239	10	
H/N G81	158	8.959	106.443	  530800	  407750	10	
H/N G82	42	7.030	108.706	  435000	  303593	10	
H/N G86	109	7.825	109.561	  427300	  820640	11	
H/N G98	91	8.004	107.885	  165300	  149252	10	
H/N H107	180	10.659	117.871	   40620	  155251		
H/N H119	143	8.923	125.796	  303200	  169167	3	
H/N H122	197	8.460	124.292	  382600	  218786	3	
H/N H36	8	8.640	119.815	  389200	  111065	13	
H/N H94	195	8.136	113.037	    9033	  293049		
H/N H96	127	8.679	114.976	   95200	  161712	3	
H/N I145	209	9.095	124.314	  352600	  289050	4	
H/N I166	216	7.359	116.351	  479000	  366615	11	
H/N I209	92	8.716	127.216	  281100	  263962	11	
H/N I215	12	8.876	113.376	  442200	  290504	11	
H/N I255	175	8.867	124.381	  444300	  352732	11	
H/N I33	116	8.672	128.488	  300000	  236330	11	
H/N I59	203	8.985	122.122	  317300	  224695	11	
H/N I91	211	8.839	123.124	  207500	  349647	3	
H/N K111	164	9.798	109.726	  223700	  216730	10	
H/N K112	102	8.193	124.517	  263200	  270871	11	
H/N K113	52	7.900	121.842	  227200	  198990	11	
H/N K126	98	7.900	122.963	  445300	  356845	11	
H/N K132	40	7.671	119.665	  302900	  277779	11	
H/N K148	64	8.919	119.309	  375500	  156342		
H/N K153	153	8.651	123.873	  338500	  314864	3	
H/N K158	157	8.668	115.491	  528400	  602823		
H/N K167	57	7.330	117.416	  273000	  195648	11	
H/N K169	47	7.430	120.567	  177700	  115620	11	
H/N K171	71	7.736	120.161	  123100	  475568	3	
H/N K212	100	7.333	122.274	  184900	  319824	3	
H/N K224	55	6.856	115.056	  341400	  232694	11	
H/N K227	99	6.799	114.133	  301000	  212102	11	
H/N K24	121	7.161	114.790	  201800	  291958	3	
H/N K251	184	8.816	114.503	  277800	  338849	11	
H/N K256	181	8.728	126.563	  185600	  149979	11	
H/N K260	28	7.695	124.360	  391300	  399523	11	
H/N K39	22	8.073	122.600	  447300	  396952	11	
H/N K45	50	7.474	122.980	  286500	  247238	10	
H/N K76	177	7.906	124.099	  273400	  217758	11	
H/N K80	93	8.320	121.096	  317000	  448663	3	
H/N L100	41	7.290	119.051	  528700	  397466	11	
H/N L118	207	9.819	130.441	   14250	  170453		
H/N L120	196	8.947	123.659	  136200	  357874	3	
H/N L140	206	8.769	115.921	    3528	  635534		
H/N L143	106	8.422	128.009	   29310	  226877		
H/N L147	6	8.177	120.289	  299600	  221614	11	
H/N L156	156	7.491	116.755	  428700	  337306	11	
H/N L163	13	7.011	121.690	  489400	  293413	11	
H/N L183	81	7.182	117.295	  392300	  274870	11	
H/N L184	141	6.582	113.172	  638600	  422661	10	
H/N L188	125	8.595	125.586	  198200	  325994	3	
H/N L202	189	9.088	120.400	    8931	  134163		
H/N L203	1	5.889	110.853	  218800	  194106	11	
H/N L211	34	8.922	126.692	  335200	  223157	10	
H/N L223	15	7.967	120.857	  432400	  526470		
H/N L228	163	7.058	119.299	  526500	  364044	11	
H/N L239	108	8.677	125.934	  452000	  294504	3	
H/N L250	146	8.631	125.898	  489900	  366100	3	
H/N L44	201	6.972	123.096	  511200	  415462	11	
H/N L47	60	8.923	125.962	  -26190	  259963	3	
H/N L57	105	8.856	117.649	  343000	  174052	10	
H/N L60	120	8.652	123.675	  485400	  211331	3	
H/N L79	128	8.943	123.474	  165500	  415977	3	
H/N L84	198	7.710	120.284	  355600	  385125	3	
H/N L90	78	8.488	124.047	  177100	  223671	3	
H/N M240	20	8.574	123.054	  284800	  175338	3	
H/N N124	89	8.961	119.743	  -76120	  147434	3	
H/N N177	29	9.666	115.502	  385600	  253418	11	
H/N N229	38	8.858	118.436	  293000	  192049	10	
H/N N231	16	8.101	110.606	  445300	  258872	11	
H/N N243	65	8.359	119.365	  -22200	  291595		
H/N N61	117	8.407	121.325	  317200	  334221	3	
H/N N62	5	8.000	123.333	  247200	  197962	11	
H/N N67	137	8.972	119.589	  200000	  165311	3	
H/N Q103	200	7.809	115.023	  785600	  698264	13	
H/N Q135	148	6.550	113.969	  -72670	  385125		
H/N Q136	185	7.505	118.252	  573500	  368157	11	
H/N Q157	173	7.741	122.357	  442700	  361987	11	
H/N Q221	186	7.479	117.938	  423900	  268689	11	
H/N Q248	80	8.654	122.024	  141100	  159141		
H/N Q254	87	8.530	118.254	  306500	  498110	11	
H/N Q28	53	7.680	115.436	  437600	  286141	10	
H/N Q53	97	7.980	114.406	  478500	  543922	11	
H/N Q74	178	7.630	117.651	  636600	  712661	10	
H/N Q92	174	7.338	115.629	  375900	  317253	11	
H/N R181	161	8.353	118.420	  145400	  347590	3	
H/N R226	90	6.638	109.076	  339400	  271961	11	
H/N R245	112	10.360	127.010	  304000	  103995	11	
H/N R253	62	7.247	118.482	  491600	  449390	11	
H/N R27	69	8.798	120.683	  372800	  351189	3	
H/N R58	49	7.128	114.662	  293000	  490112	3	
H/N R89	147	8.544	122.697	  640900	  211074	3	
H/N S105	140	7.273	107.745	  180200	  596278		
H/N S165	23	7.938	113.601	  605700	  525743	11	
H/N S172	51	8.290	113.697	  570800	  484294		
H/N S187	94	7.580	111.387	  889500	  520653	10	
H/N S196	2	8.646	120.617	   26080	  195648	3	
H/N S216	107	8.036	116.725	  438600	  387182	11	
H/N S218	25	8.361	116.015	  419500	  341934	3	
H/N S219	213	9.249	117.290	  384100	  427289	11	
H/N S258	59	8.908	116.459	  268300	  203618	10	
H/N S29	134	8.048	117.965	  155400	  206960	11	
H/N S43	103	8.436	115.255	  518500	  441172	11	
H/N S48	7	8.424	119.794	  226000	  328051		
H/N S50	122	8.333	122.821	  449400	  403636	11	
H/N S56	132	9.934	126.413	  496700	  365586	11	
H/N S73	77	8.781	115.788	  463900	  456662	3	
H/N S99	14	8.352	111.838	  365100	  219301	11	
H/N T108	139	7.309	109.309	  436000	  258509	10	
H/N T125	214	8.125	117.112	  389200	  263599	11	
H/N T168	160	6.531	98.564	  646800	  495929	11	
H/N T176	19	8.053	114.915	  507600	  528652	11	
H/N T192	210	9.624	115.112	  494400	  346047	11	
H/N T199	192	6.941	108.443	    7781	  352217		
H/N T207	208	8.399	124.917	  259200	  206189	11	
H/N T35	182	10.234	122.301	  427300	  315228	10	
H/N T37	67	7.563	108.322	  473400	  396437	11	
H/N T55	95	9.361	120.644	  255600	  201047	11	
H/N T87	131	8.436	116.611	  464600	  458843	11	
H/N V109	4	7.580	118.545	  390800	  336792	10	
H/N V121	44	9.139	126.396	   22300	  283960		
H/N V134	165	7.348	108.053	  -24780	  547558		
H/N V142	126	7.161	124.421	  205700	  365072	10	
H/N V149	168	8.387	121.462	  655400	  206446	3	
H/N V159	166	6.975	113.187	  453800	  301412	10	
H/N V160	73	7.232	114.395	  312700	  398494	11	
H/N V162	123	7.084	113.938	  518500	  405179	11	
H/N V206	188	7.209	119.002	  432900	  286868	11	
H/N V210	155	9.662	128.394	  487200	  285050	11	
H/N V217	101	8.479	115.867	  421100	  353246	11	
H/N V222	170	7.323	114.812	   37450	  366615		
H/N V241	79	6.673	114.872	  457400	  255600	11	
H/N V31	11	6.244	106.941	  196700	  195391	11	
H/N V49	58	8.352	127.545	  455900	  361473	11	
H/N V68	119	8.594	121.817	   10200	  243965		
H/N V78	204	8.347	115.809	  463000	  390267	3	
H/N W123	138	9.025	119.283	  193600	  274506		
H/N W191	33	9.505	117.204	  350200	  277415	11	
H/N W208	48	8.187	129.458	  341400	  271961	11	
H/N W244	27	6.418	114.129	  256900	  415977	11	
H/N W97	88	9.479	119.144	    5295	  352217		
H/N Y114	167	8.122	121.368	  343500	  218015	11	
H/N Y127	193	7.541	115.487	  562800	  415462	11	
H/N Y190	110	8.675	119.309	  309800	  354788	11	
H/N Y193	84	8.021	125.659	  493700	  315955	11	
H/N Y40	179	8.647	126.629	  139900	  297049		
H/N Y51	21	8.901	125.362	  -22530	  117438	3	
H/N Y7	136	8.670	120.422	   16720	  216473	3	
H/N Y88	172	8.434	126.140	  308000	  282142	11	
