H/N A115	142	7.505	120.871	  612300	 1306031		
H/N A116	42	8.082	111.966	  898800	 2469463		
H/N A133	169	7.996	124.597	  867900	 1942993		
H/N A141	228	8.818	122.770	  742800	 1070392		
H/N A152	75	8.317	121.148	  663600	 2274582	3	
H/N A173	86	8.965	123.417	  629500	 1832464	3	
H/N A23	81	8.584	123.010	  421700	  999129	4	
H/N A247	46	7.955	120.285	  670900	 1626883	3	
H/N A257	200	8.331	123.613	  680100	 1382131	11	
H/N A38	198	7.420	127.489	 1060000	 2681991		
H/N A54	103	7.352	120.151	 1200000	 2513093		
H/N A77	29	8.199	123.700	 1098000	 1061666	3	
H/N C205	19	7.551	114.682	  472100	 1287521		
H/N D101	16	8.814	121.273	  966100	 2193139	10	
H/N D110	153	9.644	132.313	  538800	 1042759		
H/N D129	262	7.413	116.220	 1081000	 3171496		
H/N D138	253	7.827	114.814	  746800	 2408381	3	
H/N D161	206	8.326	117.527	  857800	 1942993	3	
H/N D164	205	8.158	116.183	 1239000	 2875325	3	
H/N D174	112	8.559	122.055	 1103000	 2558587	3	
H/N D179	37	7.944	128.049	  560600	 1349223		
H/N D189	22	7.355	121.886	  859700	 1867368	3	
H/N D242	48	7.100	114.752	  504900	 1630997	4	
H/N D32	134	8.283	118.304	 1179000	 2513093	3	
H/N D34	123	7.466	128.190	  608600	 1532273		
H/N D41	197	7.682	128.898	  525000	 1189647		
H/N D52	82	8.836	120.511	  808200	 1602202	10	
H/N D71	166	8.361	117.065	  493800	  939501	3	
H/N D72	83	8.920	131.658	  683900	 1398585		
H/N E106	227	8.210	118.928	  268600	  900234	3	
H/N E117	141	9.353	120.828	  273800	  895871	3	
H/N E186	119	8.115	116.327	 1529000	 2583268	3	
H/N E204	34	8.746	124.856	  447900	 1099478		
H/N E213	152	8.840	121.551	  573900	 1334826	3	
H/N E220	214	8.306	118.365	   66140	 1070392	3	
H/N E233	158	8.333	121.285	 1005000	 2097153	3	
H/N E235	247	7.289	119.891	 1012000	 2566814		
H/N E237	26	8.205	123.350	  529700	 2184413	3	
H/N E238	257	8.948	129.910	  409300	  840180		
H/N E26	93	9.322	117.686	  642700	 1505535		
H/N E69	53	8.394	123.949	  538000	 1105296		
H/N F130	13	7.461	119.604	  561400	 1388301		
H/N F146	8	10.063	128.999	  339900	  743513		
H/N F175	64	7.927	125.255	  528600	 1045668		
H/N F178	243	8.191	118.825	  729300	 2062249	3	
H/N F225	100	7.050	118.684	  848800	 2065158	3	
H/N F230	63	8.834	117.230	  269300	  845321	3	
H/N F259	91	6.590	117.936	  661200	 1879002		
H/N F66	38	7.151	110.097	  400000	  897326		
H/N F70	140	8.525	118.957	  441500	 1143108	11	
H/N F93	146	8.560	113.478	  471900	 1204191		
H/N F95	270	9.105	117.304	  215200	  530106	4	
H/N G102	161	7.611	102.757	  756900	 2100062		
H/N G104	27	8.195	106.196	  450100	 1131474		
H/N G128	172	7.753	107.335	  614500	 1733834		
H/N G131	204	8.002	103.854	  682800	 1980806		
H/N G139	6	7.888	107.555	  623900	 1641280		
H/N G144	54	9.878	114.213	  431900	 1086389		
H/N G150	61	9.059	118.151	  707500	 1649507		
H/N G170	268	8.807	116.785	  365300	  799045	3	
H/N G182	118	7.233	102.623	  623900	 1740004		
H/N G195	241	9.362	110.503	  565000	 1371847	4	
H/N G232	232	8.615	104.792	  437100	 1134382		
H/N G234	269	9.023	114.047	  549700	 1269010		
H/N G25	239	8.240	108.787	  585400	 1542557		
H/N G6	266	8.052	109.804	  375900	  847378		
H/N G63	264	9.649	109.000	  388700	  948227		
H/N G8	265	8.281	110.888	  636600	 1552840		
H/N G81	57	8.952	106.431	  699300	 1686529		
H/N G82	210	7.012	108.695	  597000	 1511706		
H/N G86	261	7.814	109.495	 1631000	 5117174		
H/N G98	240	8.035	108.015	  260700	  509018	5	
H/N H107	124	10.615	117.723	  281100	  655073	5	
H/N H119	97	9.032	125.236	  495900	 1106750	4	
H/N H122	98	8.494	123.922	  510400	 1026762	11	
H/N H94	173	8.133	112.925	  593400	 1456174		
H/N H96	273	8.676	115.332	  420600	 1332769	4	
H/N I145	55	9.073	124.259	  445800	 1068937		
H/N I166	60	7.345	116.345	  736300	 1569294	10	
H/N I209	72	8.689	127.064	  471600	 1051485	3	
H/N I215	11	8.853	113.306	  580300	 1151834		
H/N I255	209	8.856	124.347	  730100	 1536386		
H/N I33	102	8.659	128.471	  448700	 1034033		
H/N I59	226	8.982	122.042	  518500	  971497		
H/N I91	260	8.863	123.415	  404800	  734257	3	
H/N K111	175	9.805	109.776	  533700	 1234732		
H/N K112	199	8.186	124.552	 1003000	 2111696		
H/N K113	256	7.910	122.055	  599800	 1172195		
H/N K126	111	7.880	122.894	 1101000	 2402564		
H/N K132	74	7.678	119.768	  712100	 1618656	11	
H/N K148	104	8.912	119.272	  559800	 1055848	11	
H/N K153	259	8.653	123.888	  493900	  904597	3	
H/N K158	62	8.658	115.433	 1086000	 2797169	3	
H/N K167	237	7.335	117.448	  766100	 1663904		
H/N K169	138	7.416	120.545	  451600	  872059		
H/N K171	182	7.736	120.189	  789800	 1867368	3	
H/N K212	52	7.336	122.242	  808800	 1829555	3	
H/N K224	80	6.843	115.041	  923500	 2068066		
H/N K227	190	6.785	114.101	  730100	 1616599		
H/N K24	144	7.153	114.827	  700800	 1373904	3	
H/N K251	89	8.817	114.559	  790800	 1530216		
H/N K256	92	8.718	126.555	  480800	 1205645	3	
H/N K260	85	7.694	124.411	  916200	 2172778		
H/N K39	21	8.080	122.733	 1030000	 2739580		
H/N K45	51	7.489	123.042	  716800	 1618656		
H/N K76	25	7.882	124.058	  724000	 1505535		
H/N K80	220	8.311	120.555	  701300	 1394471	3	
H/N L100	99	7.268	118.996	  913200	 2283308	3	
H/N L118	238	9.828	130.421	  321400	  686952	5	
H/N L120	76	8.965	123.759	  652600	 1166378	3	
H/N L140	263	8.807	115.791	  347100	 1415039		
H/N L143	229	8.414	128.148	  443700	  838123		
H/N L147	43	8.160	120.338	  494500	 1013673		
H/N L156	203	7.482	116.731	  758900	 1353336		
H/N L163	185	6.999	121.649	  666400	 1402698		
H/N L183	3	7.177	117.235	  677700	 1561067		
H/N L184	180	6.575	113.142	  863800	 2324030	21	
H/N L188	163	8.590	125.624	  678100	 1400641	11	
H/N L202	39	9.098	120.386	  373800	  751740	2	
H/N L203	116	5.926	110.884	  205200	  827839	2	
H/N L211	165	8.907	126.686	  474200	  983132	3	
H/N L223	106	7.953	120.878	  922600	 1873185	3	
H/N L228	219	7.030	119.225	  756300	 1893546	3	
H/N L239	236	8.689	125.974	  719200	 1478798	3	
H/N L250	188	8.628	125.869	  668500	 1482911		
H/N L44	201	6.950	123.061	  863800	 2105879		
H/N L47	167	8.911	125.923	  629100	 1468514	3	
H/N L57	33	8.851	117.529	  365000	  743513	3	
H/N L60	113	8.617	123.570	  451200	  954045	3	
H/N L79	230	8.933	123.435	  598900	 1201282	3	
H/N L84	73	7.714	120.229	  687200	 1879002	3	
H/N L90	156	8.461	124.342	  486800	 1058757	11	
H/N M240	231	8.638	122.974	  628400	 1604259	3	
H/N N124	176	8.960	119.738	  423400	  852520	5	
H/N N177	50	9.653	115.450	  547500	 1255092	3	
H/N N229	40	8.848	118.431	  507500	 1077663		
H/N N231	130	8.108	110.724	  498100	 1196919		
H/N N243	132	8.323	119.216	  552400	 1750288		
H/N N61	249	8.383	121.081	  526700	 1077663	3	
H/N N62	271	7.958	123.159	  412900	  897326		
H/N N67	267	8.904	120.815	  380000	  779506		
H/N Q103	193	7.800	114.896	  992100	 2990503	3	
H/N Q135	252	6.542	114.045	  703400	 1931359		
H/N Q136	244	7.488	118.274	  815900	 2065158	3	
H/N Q157	195	7.729	122.334	  745600	 1600145		
H/N Q221	235	7.470	117.924	  799000	 1565181	3	
H/N Q248	157	8.634	122.062	  422600	  857662		
H/N Q254	164	8.530	118.248	  732700	 1768798	11	
H/N Q28	109	7.687	115.447	  565700	 1454117		
H/N Q53	47	7.978	114.391	  972900	 2260039		
H/N Q74	122	7.615	117.652	 1088000	 3011070		
H/N Q92	234	7.254	115.214	  558800	 1273123	11	
H/N R181	215	8.355	118.394	 1057000	 2239678	3	
H/N R226	35	6.630	109.067	  623900	 1493195		
H/N R245	183	10.318	126.855	  205200	  422147		
H/N R253	70	7.236	118.476	  990700	 2920574	3	
H/N R27	186	8.786	120.619	  670600	 1628940	10	
H/N R58	274	7.124	114.518	  910500	 1779082	4	
H/N R89	194	8.523	122.710	  543400	 1153289		
H/N S105	36	7.285	107.743	  866900	 2335664		
H/N S151	121	8.282	124.488	  789800	 1899363		
H/N S165	71	7.929	113.527	  958400	 2265856		
H/N S172	135	8.287	113.784	  862800	 1858642		
H/N S187	7	7.551	111.277	 1150000	 3134474	11	
H/N S196	9	8.625	119.943	  658200	  878229		
H/N S216	117	8.030	116.613	  807300	 1702982		
H/N S218	30	8.309	116.134	  357100	  658158	3	
H/N S219	154	9.241	117.267	  867900	 1989532		
H/N S258	233	8.900	116.435	  516300	 1108204		
H/N S29	177	8.006	117.737	  339400	  770250		
H/N S43	148	8.423	115.215	  880300	 2027345		
H/N S48	44	8.422	119.901	  719900	 1287521		
H/N S50	150	8.311	122.801	  763500	 1593975	11	
H/N S56	2	9.932	126.409	  560600	 1369790		
H/N S73	147	8.780	115.819	 1403000	 3595119		
H/N S99	137	8.338	111.858	  465400	  839151		
H/N T108	95	7.300	109.290	  620300	 1330712		
H/N T125	168	8.128	117.182	  596500	 1452060	11	
H/N T168	59	6.521	98.601	  892600	 2257130		
H/N T176	225	8.046	114.916	  948200	 2353116		
H/N T192	254	9.625	115.114	  611400	 1474684	3	
H/N T199	202	6.914	108.447	  670500	 1581635		
H/N T207	49	8.393	124.907	  500900	  955499		
H/N T35	87	10.233	122.187	  567200	 1287521		
H/N T37	272	7.590	108.754	  821700	 2132057	4	
H/N T55	221	9.341	120.700	  731600	 1353336	3	
H/N T87	160	8.437	116.667	  938000	 1934267		
H/N V109	10	7.555	118.523	  652000	 1493195		
H/N V121	217	9.154	126.481	  434500	 1067483		
H/N V134	66	7.337	108.020	 1041000	 2595608		
H/N V142	125	7.154	124.076	  625400	 1509649		
H/N V149	129	8.398	121.346	 1018000	 1750288	3	
H/N V159	216	6.963	113.107	  747600	 1534330		
H/N V160	189	7.228	114.387	  776300	 1762628	11	
H/N V162	223	7.069	113.862	  910200	 2335664		
H/N V206	248	7.215	118.843	  595500	 1589862	3	
H/N V210	84	9.670	128.452	  471900	 1226006	5	
H/N V217	191	8.475	115.810	  731100	 1552840		
H/N V222	149	7.304	114.701	  866800	 1829555	11	
H/N V241	110	6.675	114.844	  622500	 1779082		
H/N V31	128	6.231	106.983	  307600	 1022399		
H/N V49	155	8.346	127.533	  749700	 1674188		
H/N V68	275	8.576	121.877	  578200	 1140200	3	
H/N V78	41	8.340	115.842	  985100	 1705039	3	
H/N W123	184	9.008	119.290	  635400	 1460287		
H/N W191	208	9.484	117.133	  434000	  897326		
H/N W208	23	8.196	129.353	  459600	 1111113		
H/N W244	79	6.439	114.281	  679800	 2558587		
H/N W97	139	9.458	119.127	  647900	 1934267		
H/N Y114	105	8.113	121.344	  453800	 1000584		
H/N Y127	245	7.546	115.482	  791100	 1995350	11	
H/N Y190	133	8.677	118.829	  846300	 1169286		
H/N Y193	207	7.986	125.543	  596200	 1287521		
H/N Y40	114	8.644	126.777	  716300	 1752344	3	
H/N Y51	108	8.944	124.586	  523600	 1153289		
H/N Y88	18	8.395	125.986	  527200	  984586		
