H/N A115	45	7.522	120.917	  335762	  335764		
H/N A116	68	8.095	112.019	  547558	  547558		
H/N A133	151	8.007	124.602	  433459	  433459		
H/N A141	199	8.829	122.892	  231612	  271234	3	
H/N A152	142	8.328	121.228	  176257	  711633	3	
H/N A173	56	8.971	123.462	  556342	  654044	3	
H/N A23	74	8.581	122.949	   88547	  283596	3	
H/N A247	169	7.940	120.310	  427222	  427289		
H/N A257	104	8.329	123.621	  351137	  351189		
H/N A38	82	7.443	127.633	  621723	  621729		
H/N A54	17	7.361	120.141	  698820	  701349		
H/N A77	135	8.216	123.821	  265732	  271234	3	
H/N C205	176	7.574	114.733	  219815	  219815		
H/N D101	144	8.828	121.380	  169139	  503201	3	
H/N D110	145	9.646	132.264	  314137	  314137		
H/N D129	83	7.420	116.219	  661038	  664328		
H/N D138	152	7.834	114.867	  691031	  841208	3	
H/N D161	31	8.330	117.558	  382541	  382554		
H/N D164	150	8.126	116.330	  721325	  906052	3	
H/N D174	149	8.565	122.066	  574716	  650959		
H/N D179	118	7.946	128.082	  374327	  374327		
H/N D189	76	7.365	121.941	  547765	  553375		
H/N D242	202	7.101	114.766	  198450	  245056	3	
H/N D32	111	8.258	118.209	  273771	  420604	3	
H/N D34	36	7.487	128.212	  247950	  247965		
H/N D41	32	7.697	128.940	  335764	  335764		
H/N D52	124	8.815	121.237	  437167	  530833	3	
H/N D71	212	8.368	116.987	  269360	  269416		
H/N D72	96	8.926	131.663	  401065	  401065		
H/N E106	24	8.231	119.076	  148065	  192820	3	
H/N E117	194	9.385	120.919	  282497	  294867		
H/N E186	35	8.155	116.232	  586100	  813442	3	
H/N E204	26	8.735	124.791	  249055	  249055		
H/N E213	205	8.845	121.558	  361774	  428831	3	
H/N E220	159	8.281	118.332	  382768	  487930	3	
H/N E233	171	8.340	121.351	  501227	  663300	3	
H/N E235	162	7.300	119.920	  490883	  494475		
H/N E237	30	8.205	123.390	  716792	  718832		
H/N E238	18	8.975	130.017	  263235	  263235		
H/N E26	154	9.330	117.690	  380495	  380498		
H/N E69	72	8.398	123.987	  270678	  270871		
H/N F130	187	7.467	119.632	  305048	  305048		
H/N F146	190	10.068	128.961	  217758	  217758		
H/N F175	217	7.939	125.238	  326907	  327022		
H/N F178	183	8.201	118.847	  451435	  466115		
H/N F225	86	7.059	118.734	  498612	  498838		
H/N F230	129	8.830	117.176	  204506	  213902	3	
H/N F259	63	6.600	117.942	  432430	  432430		
H/N F66	9	7.173	110.181	  270871	  270871		
H/N F70	113	8.534	118.907	  287919	  287959		
H/N F93	75	8.570	113.527	  290504	  290504		
H/N G102	37	7.622	102.761	  473387	  473387		
H/N G104	133	8.200	106.244	  305411	  305411		
H/N G128	43	7.759	107.339	  405693	  405693		
H/N G131	61	8.011	103.858	  469024	  469024		
H/N G139	115	7.899	107.602	  390781	  390781		
H/N G144	130	9.876	114.240	  235966	  235966		
H/N G150	39	9.070	118.169	  382554	  382554		
H/N G170	114	8.825	116.860	  119306	  134890	3	
H/N G182	3	7.246	102.637	  387696	  387696		
H/N G195	70	9.366	110.585	  335249	  335249		
H/N G232	85	8.624	104.791	  252691	  252691		
H/N G25	66	8.253	108.870	  292686	  292686		
H/N G63	10	9.652	108.948	  241057	  241057		
H/N G8	46	8.259	110.907	  206446	  206446		
H/N G81	158	8.953	106.430	  430888	  430888		
H/N G82	42	7.033	108.675	  307956	  307956		
H/N G86	109	7.818	109.497	 1102387	 1102387		
H/N G98	91	8.012	107.931	  155433	  155433		
H/N H107	180	10.660	117.837	  188707	  188707		
H/N H119	143	8.897	125.862	   67306	  295231	3	
H/N H122	197	8.468	124.282	  226314	  234149	3	
H/N H36	8	8.642	119.775	  160424	  160426		
H/N H94	195	8.150	113.091	  273779	  273779		
H/N H96	127	8.681	114.944	  186598	  187164	3	
H/N I145	209	9.095	124.278	  272688	  272688		
H/N I166	216	7.356	116.341	  403390	  408778		
H/N I209	92	8.704	127.166	  287547	  287595		
H/N I215	12	8.865	113.343	  319310	  319310		
H/N I255	175	8.859	124.379	  401579	  401579		
H/N I33	116	8.670	128.524	  262508	  262508		
H/N I59	203	8.992	122.093	  228331	  228331		
H/N I91	211	8.843	123.111	  166487	  221614	3	
H/N K111	164	9.804	109.778	  197191	  197191		
H/N K112	102	8.193	124.563	  334607	  334735		
H/N K113	52	7.904	122.088	  228331	  228331		
H/N K126	98	7.886	122.819	  421632	  421633		
H/N K132	40	7.688	119.743	  258329	  258509		
H/N K148	64	8.924	119.265	  186760	  187678		
H/N K153	153	8.665	123.812	  149016	  233421	3	
H/N K158	157	8.671	115.458	  532813	  533015		
H/N K167	57	7.333	117.432	  239602	  239602		
H/N K169	47	7.431	120.575	  154493	  154524		
H/N K171	71	7.742	120.180	  366690	  523561	3	
H/N K212	100	7.336	122.285	  285181	  295958	3	
H/N K224	55	6.856	115.040	  304684	  304684		
H/N K227	99	6.796	114.101	  220843	  220843		
H/N K24	121	7.167	114.759	  189575	  239602	3	
H/N K251	184	8.816	114.490	  294504	  294504		
H/N K256	181	8.734	126.538	  160370	  160426		
H/N K260	28	7.702	124.393	  394895	  394895		
H/N K39	22	8.076	122.691	  457389	  457389		
H/N K45	50	7.415	123.114	  599187	  599187		
H/N K76	177	7.892	124.140	  222386	  222386		
H/N K80	93	8.319	121.071	  486950	  615912	3	
H/N L100	41	7.280	119.035	  409229	  442200		
H/N L118	207	9.824	130.451	  176880	  176880		
H/N L120	196	8.954	123.680	  268935	  420604	3	
H/N L140	206	8.784	115.838	  739877	  823726	3	
H/N L143	106	8.421	128.237	  253418	  253418		
H/N L147	6	8.178	120.302	  215444	  215444		
H/N L156	156	7.490	116.712	  356838	  356845		
H/N L163	13	7.007	121.680	  332678	  332678		
H/N L183	81	7.184	117.289	  353246	  353246		
H/N L184	141	6.587	113.173	  462479	  462479		
H/N L188	125	8.597	125.618	  362257	  371242		
H/N L202	189	9.118	120.485	  162226	  162226		
H/N L203	1	5.923	110.983	  223671	  223671		
H/N L211	34	8.911	126.588	  226505	  226513		
H/N L223	15	7.962	120.889	  583868	  583916		
H/N L228	163	7.049	119.274	  428568	  428831		
H/N L239	108	8.688	125.973	  297284	  308683		
H/N L250	146	8.634	125.901	  304712	  326508		
H/N L44	201	6.967	123.076	  477023	  477023		
H/N L47	60	8.917	125.938	  407082	  444771	3	
H/N L57	105	8.861	117.633	  177300	  177652		
H/N L60	120	8.646	123.673	  204179	  265780	3	
H/N L79	128	8.929	123.438	  267933	  379984	3	
H/N L84	198	7.720	120.288	  356376	  517744	3	
H/N L90	78	8.500	123.977	  249720	  256691	3	
H/N M240	20	8.604	122.959	  329681	  379984	3	
H/N N124	89	8.967	119.754	  106309	  155251		
H/N N177	29	9.663	115.439	  311501	  318281		
H/N N229	38	8.856	118.409	  234512	  234512		
H/N N231	16	8.110	110.676	  266871	  266871		
H/N N243	65	8.351	119.295	  307229	  307229		
H/N N61	117	8.401	121.244	  418659	  500292	3	
H/N N62	5	7.993	123.238	  247965	  247965		
H/N N67	137	8.962	119.611	   84518	  148525	3	
H/N Q103	200	7.803	114.978	  581503	  759966	3	
H/N Q135	148	6.549	114.017	  441686	  441686		
H/N Q136	185	7.496	118.250	  457981	  489384	3	
H/N Q157	173	7.739	122.349	  399008	  399008		
H/N Q221	186	7.477	117.979	  301533	  349132	3	
H/N Q248	80	8.647	122.031	  172054	  175852		
H/N Q254	87	8.541	118.301	  498814	  498838		
H/N Q28	53	7.686	115.436	  335764	  335764		
H/N Q53	97	7.979	114.396	  666382	  666385		
H/N Q74	178	7.624	117.655	  756881	  756881		
H/N Q92	174	7.339	115.678	  307588	  307593		
H/N R181	161	8.366	118.423	  431791	  431916		
H/N R226	90	6.634	109.040	  311228	  311228		
H/N R245	112	10.399	127.049	  153797	  153797		
H/N R253	62	7.242	118.480	  540238	  541013		
H/N R27	69	8.808	120.690	  400350	  400551		
H/N R58	49	7.134	114.577	  362730	  412377	3	
H/N R89	147	8.534	122.745	  299181	  302502		
H/N S105	140	7.279	107.726	  568145	  568646		
H/N S151	215	8.277	124.482	  312546	  312683		
H/N S165	23	7.939	113.533	  543195	  543195		
H/N S172	51	8.291	113.769	  473387	  473387		
H/N S187	94	7.550	111.345	  629001	  629001		
H/N S196	2	8.669	120.562	  150685	  239239	3	
H/N S216	107	8.037	116.663	  376376	  376384		
H/N S218	25	8.361	115.955	  307838	  414948	3	
H/N S219	213	9.246	117.277	  478475	  478477		
H/N S258	59	8.915	116.498	  266870	  266871		
H/N S29	134	8.028	117.897	  160169	  160169		
H/N S43	103	8.428	115.277	  490836	  490839		
H/N S48	7	8.421	119.877	  360444	  360444		
H/N S50	122	8.323	122.843	  403122	  403122		
H/N S56	132	9.935	126.419	  412891	  412891		
H/N S73	77	8.762	115.735	  185521	  519926	3	
H/N S99	14	8.349	111.850	  226150	  226150		
H/N T108	139	7.308	109.261	  336792	  336792		
H/N T125	214	8.135	117.214	  269780	  269780		
H/N T168	160	6.532	98.595	  596278	  596278		
H/N T176	19	8.051	114.910	  553372	  553375		
H/N T192	210	9.626	115.126	  362851	  368671		
H/N T199	192	6.937	108.233	  386154	  386154		
H/N T207	208	8.387	124.957	  211074	  211074		
H/N T35	182	10.249	122.261	  304320	  304320		
H/N T37	67	7.569	108.358	  325480	  325480		
H/N T55	95	9.350	120.663	  247671	  261781		
H/N T87	131	8.445	116.637	  507544	  507564		
H/N V109	4	7.572	118.547	  317159	  317253		
H/N V121	44	9.149	126.496	  266871	  266871		
H/N V134	165	7.346	108.016	  549949	  550467		
H/N V142	126	7.154	124.132	  375356	  375356		
H/N V149	168	8.382	121.257	  110176	  461752	3	
H/N V159	166	6.976	113.149	  339877	  339877		
H/N V160	73	7.234	114.447	  412216	  412377		
H/N V162	123	7.081	113.913	  489384	  489384		
H/N V206	188	7.236	118.964	  304003	  349647	3	
H/N V210	155	9.670	128.440	  336792	  336792		
H/N V217	101	8.486	115.844	  389235	  389239		
H/N V222	170	7.312	114.783	  425200	  425232		
H/N V241	79	6.679	114.894	  338849	  338849		
H/N V31	11	6.235	106.970	  229058	  229058		
H/N V49	58	8.349	127.550	  440143	  440143		
H/N V68	119	8.587	121.900	  259539	  430374	3	
H/N V78	204	8.338	115.794	  367722	  457389	3	
H/N W123	138	9.014	119.261	  315343	  315591		
H/N W191	33	9.499	117.162	  246510	  246510		
H/N W208	48	8.204	129.390	  265780	  265780		
H/N W244	27	6.425	114.177	  481386	  481386		
H/N W97	88	9.466	119.139	  421633	  421633		
H/N Y114	167	8.123	121.358	  271598	  271598		
H/N Y127	193	7.557	115.510	  452299	  452299		
H/N Y190	110	8.712	118.886	  589734	  589734		
H/N Y193	84	8.002	125.615	  315473	  315591		
H/N Y40	179	8.646	126.706	  383016	  383069		
H/N Y51	21	8.936	125.243	  175850	  175852		
H/N Y7	136	8.649	120.439	  200770	  267235	3	
H/N Y88	172	8.404	125.998	  255600	  255600		
