H/N A115	45	7.597	120.851	  502500	  211331	11	
H/N A116	68	8.153	112.284	  623200	  409806	11	
H/N A133	151	8.020	124.492	  620300	  367643	10	
H/N A141	199	8.883	123.066	  255000	  203361	3	
H/N A152	142	8.333	121.194	  376200	  281778	3	
H/N A173	56	9.002	123.326	  375200	  206189	3	
H/N A23	74	8.595	122.969	  296500	  210045	3	
H/N A247	169	7.990	120.521	  605700	  127255	11	
H/N A257	104	8.370	123.553	  348600	  304684	10	
H/N A38	82	7.495	127.644	  705500	  539559	10	
H/N A54	17	7.407	120.235	  736300	  735286	11	
H/N A77	135	8.198	123.233	  395800	  403636	3	
H/N C205	176	7.564	114.441	  249400	  189735	10	
H/N D101	144	8.877	121.646	  -53740	  289777	3	
H/N D110	145	9.677	132.204	  356800	  253418	10	
H/N D129	83	7.456	116.185	  731000	  469751	10	
H/N D138	152	7.905	115.196	  526400	  433459	13	
H/N D161	31	8.372	117.652	  403100	  332164	11	
H/N D164	150	8.155	116.266	  617200	  639647	3	
H/N D174	149	8.577	122.094	  493700	  425232	11	
H/N D179	118	7.962	128.111	  361500	  231603	11	
H/N D189	76	7.391	121.944	  559800	  469024		
H/N D242	202	7.090	114.770	  277000	  156523	3	
H/N D32	111	8.278	118.149	  321900	  219301	11	
H/N D34	36	7.410	128.447	  519900	  292686	11	
H/N D41	32	7.723	128.876	  344000	  325480	10	
H/N D52	124	8.865	121.487	 -210100	  173795	3	
H/N D71	212	8.388	116.967	  345000	  219815	11	
H/N D72	96	8.961	131.618	  474800	  342962	10	
H/N E117	194	9.504	121.715	   18220	  259236		
H/N E186	35	8.175	116.076	  595300	  698264	3	
H/N E204	26	8.718	124.623	  344000	  199247	11	
H/N E213	205	8.875	121.784	  418000	  230513	3	
H/N E220	159	8.346	118.272	   14790	  306502	3	
H/N E233	171	8.390	121.366	  262900	  191535	3	
H/N E235	162	7.334	119.969	  477000	  404150		
H/N E237	30	8.156	123.214	  589300	  368671	3	
H/N E238	18	9.015	130.010	  418500	  192306	10	
H/N E26	154	9.326	117.813	  500300	  325994	11	
H/N E69	72	8.429	123.800	  444600	  214673	11	
H/N F130	187	7.557	119.647	  433500	  258872	11	
H/N F146	190	10.051	128.811	  318800	  234512		
H/N F175	217	7.970	125.265	  356800	  234149	11	
H/N F178	183	8.242	118.916	  546100	  355303	11	
H/N F225	86	7.107	118.667	  616600	  369700	11	
H/N F230	129	8.807	117.312	  267200	   88440	13	
H/N F259	63	6.664	117.998	  441200	  349132	11	
H/N F66	9	7.109	110.093	    8352	  219815		
H/N F70	113	8.617	119.154	  488700	  262145	11	
H/N F93	75	8.630	113.415	   28950	  189221		
H/N G102	37	7.657	102.763	  282900	  264326	10	
H/N G104	133	8.218	106.456	  434000	  225786	11	
H/N G128	43	7.808	107.287	  522800	  351703	10	
H/N G131	61	8.058	103.807	  637600	  308320	11	
H/N G139	115	7.883	107.401	  416500	  263599	11	
H/N G144	130	9.929	114.016	  148300	  160169	11	
H/N G150	39	9.119	118.108	  460300	  360959	10	
H/N G170	114	8.816	116.789	  239600	  438087	13	
H/N G182	3	7.294	102.642	  408800	  319310	11	
H/N G195	70	9.365	110.854	  406200	  280687	11	
H/N G232	85	8.652	104.793	  388200	  160683	11	
H/N G25	66	8.286	108.788	  337800	  261054	11	
H/N G63	10	9.646	109.159	  -17290	  130891		
H/N G8	46	8.264	110.817	  414400	  246510	10	
H/N G81	158	8.974	106.414	  530800	  340905	10	
H/N G82	42	7.067	108.679	  435000	  275597	10	
H/N G86	109	7.852	109.443	  427300	  393352	11	
H/N G98	91	7.987	107.602	  165300	  118529	10	
H/N H107	180	10.754	118.088	   40620	  136890		
H/N H119	143	8.846	126.313	  303200	  123983	4	
H/N H122	197	8.575	124.445	  382600	  186393	3	
H/N H36	8	8.632	119.806	  389200	  336792	13	
H/N H94	195	8.139	113.555	    9033	  224332		
H/N I145	209	9.254	124.316	  352600	  217501	4	
H/N I166	216	7.390	116.307	  479000	  273779	11	
H/N I209	92	8.746	127.345	  281100	  236330	11	
H/N I215	12	8.930	113.300	  442200	  250873	11	
H/N I255	175	8.895	124.509	  444300	  334735	11	
H/N I33	116	8.717	128.437	  300000	  199762	11	
H/N I59	203	9.012	122.113	  317300	  184336	11	
H/N I91	211	8.867	123.226	  207500	  240693	3	
H/N K111	164	9.841	109.723	  223700	  206960	10	
H/N K112	102	8.244	124.426	  263200	  296322	11	
H/N K113	52	7.899	121.666	  227200	  162226	11	
H/N K126	98	7.900	122.751	  445300	  342448	11	
H/N K132	40	7.709	119.704	  302900	  227604	11	
H/N K148	64	8.974	119.537	  375500	  119620		
H/N K153	153	8.686	123.993	  338500	  223671	3	
H/N K158	157	8.721	115.579	  528400	  525743		
H/N K167	57	7.331	117.370	  273000	  160426	11	
H/N K169	47	7.450	120.570	  177700	   98210	11	
H/N K171	71	7.774	120.182	  123100	  371242	3	
H/N K212	100	7.357	122.167	  184900	  247238	3	
H/N K224	55	6.897	115.090	  341400	  266508	11	
H/N K227	99	6.847	113.991	  301000	  166339	11	
H/N K24	121	7.210	114.718	  201800	  159912	3	
H/N K251	184	8.847	114.557	  277800	  249419	11	
H/N K256	181	8.772	126.561	  185600	  164797	11	
H/N K260	28	7.710	124.309	  391300	  298503	11	
H/N K39	22	8.129	122.509	  447300	  391810	11	
H/N K45	50	7.472	122.767	  286500	  191020	10	
H/N K76	177	7.991	124.280	  273400	  255236	11	
H/N K80	93	8.353	121.047	  317000	  326508	3	
H/N L100	41	7.362	119.044	  528700	  397466	11	
H/N L118	207	9.837	130.509	   14250	  158884		
H/N L120	196	9.042	123.904	  136200	  352732	3	
H/N L140	206	8.768	115.802	    3528	  283960		
H/N L143	106	8.509	128.054	   29310	  205932		
H/N L147	6	8.240	120.348	  299600	  201304	11	
H/N L156	156	7.515	116.781	  428700	  259599	11	
H/N L163	13	7.057	121.648	  489400	  246510	11	
H/N L183	81	7.244	117.404	  392300	  277415	11	
H/N L184	141	6.614	113.102	  638600	  367129	10	
H/N L188	125	8.617	125.468	  198200	  128346	3	
H/N L202	189	9.194	120.756	    8931	  112166		
H/N L203	1	5.846	111.021	  218800	  140344	11	
H/N L211	34	9.014	126.785	  335200	  197962	10	
H/N L223	15	7.968	120.824	  432400	  709576		
H/N L228	163	7.088	119.378	  526500	  310501	11	
H/N L239	108	8.668	125.891	  452000	  428831	3	
H/N L250	146	8.646	125.693	  489900	  206189	3	
H/N L44	201	7.034	123.081	  511200	  319824	11	
H/N L47	60	8.939	125.730	  -26190	  188964	3	
H/N L57	105	8.919	117.742	  343000	  158160	10	
H/N L60	120	8.697	123.806	  485400	  249419	3	
H/N L79	128	9.038	123.669	  165500	  231967	3	
H/N L84	198	7.746	120.312	  355600	  331136	3	
H/N L90	78	8.510	124.125	  177100	  193848	3	
H/N M240	20	8.584	123.098	  284800	  143434	3	
H/N N124	89	9.059	119.858	  -76120	  198733	3	
H/N N177	29	9.687	115.552	  385600	  222900	11	
H/N N229	38	8.878	118.534	  293000	  178166	10	
H/N N231	16	8.131	110.509	  445300	  178166	11	
H/N N243	65	8.407	119.384	  -22200	  307229		
H/N N61	117	8.429	121.230	  317200	  163254	3	
H/N N62	5	8.073	123.587	  247200	  207474	11	
H/N N67	137	8.992	119.747	  200000	   97824	3	
H/N Q103	200	7.852	115.079	  785600	  583189	13	
H/N Q135	148	6.567	113.785	  -72670	  328565		
H/N Q136	185	7.495	118.187	  573500	  340905	11	
H/N Q157	173	7.778	122.280	  442700	  305775	11	
H/N Q221	186	7.516	117.962	  423900	  322909	11	
H/N Q248	80	8.753	122.015	  141100	  181251		
H/N Q254	87	8.536	118.236	  306500	  298503	11	
H/N Q28	53	7.672	115.445	  437600	  243238	10	
H/N Q53	97	8.002	114.289	  478500	  342962	11	
H/N Q74	178	7.669	117.654	  636600	  627546	10	
H/N Q92	174	7.348	115.380	  375900	  515563	11	
H/N R181	161	8.369	118.425	  145400	  253055	3	
H/N R226	90	6.670	109.059	  339400	  229786	11	
H/N R245	112	10.511	126.896	  304000	  134527	11	
H/N R253	62	7.300	118.532	  491600	  443743	11	
H/N R27	69	8.819	121.053	  372800	  336792	3	
H/N R58	49	7.186	114.529	  293000	  377927	3	
H/N R89	147	8.610	122.829	  640900	  233058	3	
H/N S105	140	7.280	107.641	  180200	  417005		
H/N S165	23	7.987	113.543	  605700	  377927	11	
H/N S172	51	8.294	113.637	  570800	  384611		
H/N S187	94	7.592	111.327	  889500	  678725	10	
H/N S196	2	8.716	121.028	   26080	  112166	3	
H/N S216	107	8.062	116.689	  438600	  450117	11	
H/N S218	25	8.408	116.071	  419500	  321366	3	
H/N S219	213	9.279	117.412	  384100	  244329	11	
H/N S258	59	8.934	116.472	  268300	  215187	10	
H/N S29	134	8.161	118.520	  155400	  132345	11	
H/N S43	103	8.488	115.250	  518500	  408778	11	
H/N S48	7	8.453	119.573	  226000	  333707		
H/N S50	122	8.373	122.822	  449400	  366100	11	
H/N S56	132	9.954	126.496	  496700	  325480	11	
H/N S73	77	8.791	115.670	  463900	  198990	3	
H/N S99	14	8.420	111.834	  365100	  263962	11	
H/N T108	139	7.364	109.062	  436000	  273779	10	
H/N T125	214	8.152	117.172	  389200	  241784	11	
H/N T168	160	6.577	98.713	  646800	  442714	11	
H/N T176	19	8.068	114.895	  507600	  452299	11	
H/N T192	210	9.639	115.006	  494400	  290868	11	
H/N T199	192	7.093	107.877	    7781	  168139		
H/N T207	208	8.384	124.986	  259200	  211074	11	
H/N T35	182	10.279	122.375	  427300	  298503	10	
H/N T37	67	7.593	108.143	  473400	  425746	11	
H/N T55	95	9.400	120.685	  255600	  199504	11	
H/N T87	131	8.475	116.697	  464600	  332164	11	
H/N V109	4	7.638	118.485	  390800	  267962	10	
H/N V121	44	9.155	126.245	   22300	  182793		
H/N V134	165	7.365	108.447	  -24780	  401065		
H/N V142	126	7.027	125.293	  205700	  335764	4	
H/N V149	168	8.413	121.513	  655400	  301412	3	
H/N V159	166	7.022	113.213	  453800	  284323	10	
H/N V160	73	7.286	114.428	  312700	  322395	11	
H/N V162	123	7.135	113.987	  518500	  409806	11	
H/N V206	188	7.152	119.150	  432900	  293413	11	
H/N V210	155	9.663	128.409	  487200	  253055	11	
H/N V217	101	8.532	115.917	  421100	  332678	11	
H/N V222	170	7.317	114.607	   37450	  348104		
H/N V241	79	6.703	114.954	  457400	  190249	11	
H/N V31	11	6.308	106.909	  196700	  159141	11	
H/N V49	58	8.378	127.445	  455900	  352217	11	
H/N V68	119	8.678	121.971	   10200	  153978		
H/N V78	204	8.391	115.870	  463000	  275597	3	
H/N W123	138	9.073	119.204	  193600	  329593		
H/N W191	33	9.566	117.324	  350200	  185364	11	
H/N W208	48	8.185	129.834	  341400	  211331	11	
H/N W244	27	6.420	114.008	  256900	  345533	11	
H/N W97	88	9.638	119.476	    5295	  238148		
H/N Y114	167	8.150	121.294	  343500	  168910	11	
H/N Y127	193	7.636	115.611	  562800	  448663	11	
H/N Y190	110	8.702	118.802	  309800	  189478	11	
H/N Y193	84	8.115	125.811	  493700	  264326	11	
H/N Y40	179	8.656	126.647	  139900	  112893		
H/N Y51	21	8.966	125.501	  -22530	  164283	3	
H/N Y7	136	8.726	120.853	   16720	   98724	3	
H/N Y88	172	8.460	126.332	  308000	  247965	11	
