H/N A115	142	7.589	120.905	  110887	  255236		
H/N A116	42	8.159	112.221	  275025	  306138		
H/N A133	169	8.019	124.563	  701580	  383069		
H/N A141	228	8.882	123.214	-1295020	  362501	3	
H/N A152	75	8.341	121.240	 25460642	  499565	3	
H/N A173	86	8.993	123.430	-2129222	  405693	3	
H/N A23	81	8.626	123.016	 14737483	  390267	3	
H/N A247	46	7.945	120.723	-11173913	  510472	3	
H/N A257	200	8.394	123.569	  -16555	  250510		
H/N A38	198	7.465	127.434	  390867	  395409		
H/N A54	103	7.408	120.281	    5879	  442200		
H/N A77	29	8.223	123.378	 2684043	  447342	3	
H/N C205	19	7.653	114.631	 -284279	  160940		
H/N D101	16	8.838	121.263	 1152404	  453753	3	
H/N D110	153	9.684	132.241	  235038	  235239		
H/N D129	262	7.460	116.337	  668394	  418547		
H/N D138	253	7.916	115.199	 -191255	  318795		
H/N D161	206	8.360	117.710	  117876	  273052		
H/N D164	205	8.172	116.181	 13711439	  723974	3	
H/N D174	112	8.588	122.081	  355370	  407750		
H/N D179	37	7.952	128.116	  227138	  277052		
H/N D189	22	7.362	121.772	  265356	  377927		
H/N D242	48	7.191	114.622	 -211957	  242511		
H/N D32	134	8.268	118.195	 1520553	  253055		
H/N D34	123	7.487	128.171	  261464	  308320	4	
H/N D41	197	7.699	128.904	  262310	  265780		
H/N D52	82	8.831	121.203	 -197789	  408264	3	
H/N D71	166	8.400	117.102	    7043	  189992		
H/N D72	83	8.966	131.624	  261600	  261781		
H/N E106	227	8.226	118.914	-19085990	  275234	3	
H/N E117	141	9.458	121.596	  202503	  220072		
H/N E186	119	8.157	116.210	-12105211	  663300	3	
H/N E204	34	8.722	124.430	-1445022	  157251		
H/N E213	152	8.881	121.591	  -57205	  290141		
H/N E220	214	8.342	118.388	-4716765	  428831	3	
H/N E233	158	8.363	121.221	-21570242	  444257	3	
H/N E235	247	7.344	119.909	  823911	  434487		
H/N E237	26	8.240	123.330	-2164552	  372271	3	
H/N E238	257	8.966	129.735	  207031	  209017		
H/N E26	93	9.324	117.807	  -13316	  323937		
H/N E69	53	8.465	123.898	 2537179	  223671		
H/N F130	13	7.519	119.875	 -748600	  231603		
H/N F146	8	10.063	128.825	  171964	  188192		
H/N F175	64	7.986	125.302	  223386	  269780		
H/N F178	243	8.240	118.935	 19412382	  388210	3	
H/N F225	100	7.111	118.681	  636162	  407235		
H/N F230	63	8.853	117.434	  597816	  157978		
H/N F259	91	6.660	118.013	  301001	  306502		
H/N F66	38	7.200	110.438	  208173	  208246		
H/N F70	140	8.623	119.230	  593876	  357359		
H/N F93	146	8.599	113.436	  213560	  229786		
H/N G102	161	7.650	102.833	  312062	  361473		
H/N G104	27	8.222	106.466	  221795	  225422		
H/N G128	172	7.805	107.421	  140785	  311592		
H/N G131	204	8.048	103.784	  329010	  329079		
H/N G139	6	7.917	107.692	  532236	  263962		
H/N G144	54	9.863	113.857	  185221	  186393		
H/N G150	61	9.108	118.092	  240586	  346561		
H/N G170	268	8.809	116.649	   -4468	  145252		
H/N G182	118	7.285	102.669	  177645	  264326		
H/N G195	241	9.400	110.945	  244269	  244329		
H/N G232	232	8.657	104.765	  255592	  255600		
H/N G234	269	9.042	113.936	  267009	  293776		
H/N G25	239	8.283	108.829	  242733	  258145		
H/N G63	264	9.708	109.032	  222179	  223671		
H/N G8	265	8.385	110.706	  358080	  342962		
H/N G81	57	8.974	106.441	  333884	  336278		
H/N G82	210	7.046	108.744	  105716	  178680		
H/N G86	261	7.844	109.448	  679872	  729115		
H/N G98	240	8.025	107.761	 -404134	  106565		
H/N H107	124	10.758	118.015	  110165	  110165		
H/N H119	97	8.938	125.708	 2640130	  229422	3	
H/N H122	98	8.515	124.172	-11247855	  365072	3	
H/N H94	173	8.259	113.595	-1951853	  219301	3	
H/N H96	273	8.785	115.465	  272933	  251237	3	
H/N I145	55	9.255	124.455	   84857	  265053		
H/N I166	60	7.398	116.236	 -289048	  313046		
H/N I209	72	8.828	127.563	  127101	  184079		
H/N I215	11	8.916	113.305	  189398	  277779		
H/N I255	209	8.877	124.467	 1298965	  285414		
H/N I33	102	8.713	128.456	  193549	  194877		
H/N I59	226	9.022	122.098	   99362	  154706		
H/N I91	260	8.887	123.303	 3578493	  453026	3	
H/N K111	175	9.829	109.779	  145703	  147979		
H/N K112	199	8.230	124.469	 -868552	  267598		
H/N K113	256	7.912	121.989	   12000	  169939		
H/N K126	111	7.928	122.898	  280571	  228695		
H/N K132	74	7.693	119.650	  324798	  193334		
H/N K148	104	8.962	119.577	  -25753	  160426		
H/N K153	259	8.686	123.913	 9171873	  278869	3	
H/N K158	62	8.706	115.520	 -116647	  323423	3	
H/N K167	237	7.348	117.434	 -614790	  229058		
H/N K169	138	7.473	120.612	   87776	  131073	5	
H/N K171	182	7.772	120.268	-3830401	  330622	3	
H/N K212	52	7.402	122.126	  145812	  321366		
H/N K224	80	6.901	115.079	  112032	  236330		
H/N K227	190	6.847	114.027	 -448820	  150706		
H/N K24	144	7.101	114.840	 -141774	  192306		
H/N K251	89	8.859	114.568	  182399	  195134		
H/N K256	92	8.768	126.627	  -63991	  139253		
H/N K260	85	7.724	124.337	  129424	  360959		
H/N K39	21	8.175	122.785	 -153243	  318795		
H/N K45	51	7.459	122.794	   74191	  155615		
H/N K76	25	7.946	124.070	  216950	  192306		
H/N L100	99	7.366	119.156	 1019852	  333193		
H/N L118	238	9.847	130.413	  182269	  182279		
H/N L120	76	9.003	123.927	 -562612	  197191	3	
H/N L140	263	8.813	116.173	  364981	  274870		
H/N L143	229	8.449	127.651	   18043	  195648		
H/N L147	43	8.238	120.371	  623390	  164283		
H/N L156	203	7.522	116.803	  107403	  225422		
H/N L163	185	7.051	121.581	  155199	  251964		
H/N L183	3	7.254	117.451	  767676	  274143		
H/N L184	180	6.619	113.136	  251779	  312683		
H/N L188	163	8.616	125.617	  133310	  283232	3	
H/N L202	39	9.200	120.842	 -181634	  189478		
H/N L203	116	5.983	110.782	  207474	  207474		
H/N L211	165	9.033	127.034	  131442	  222129		
H/N L223	106	7.960	120.752	 11692000	  667413	3	
H/N L228	219	7.097	119.308	  977002	  343990		
H/N L239	236	8.692	125.975	  630278	  314864	3	
H/N L250	188	8.663	125.840	 -152479	  291595	3	
H/N L44	201	7.017	123.121	  297141	  303957		
H/N L47	167	8.923	125.755	-2672160	  177909	3	
H/N L57	33	8.914	117.706	  -99659	  196162		
H/N L60	113	8.657	123.859	-9094183	  121438	3	
H/N L79	230	9.006	123.520	 1089113	  259599	3	
H/N L84	73	7.755	120.269	 4435778	  350161	3	
H/N L90	156	8.495	124.216	 10663058	  375356	3	
H/N M240	231	8.641	123.049	-13642376	  335764	3	
H/N N124	176	9.017	119.789	  257439	  147252		
H/N N177	50	9.678	115.590	  180386	  209017		
H/N N229	40	8.870	118.367	  333871	  395923		
H/N N231	130	8.163	110.813	  -24594	  196934		
H/N N243	132	8.389	119.285	-1268269	  315228		
H/N N61	249	8.420	121.539	 3273336	  251237	3	
H/N N62	271	8.020	123.227	 -223008	  189478		
H/N N67	267	8.903	120.336	 -221262	  116711	4	
H/N Q103	193	7.841	115.033	  574901	  475568		
H/N Q135	252	6.593	113.919	  479450	  328565		
H/N Q136	244	7.556	118.351	  261962	  338334		
H/N Q157	195	7.782	122.268	  263351	  330622		
H/N Q221	235	7.517	117.940	 -133677	  269780		
H/N Q248	157	8.742	122.107	  -44408	  311228		
H/N Q254	164	8.548	118.312	 -169912	  360444		
H/N Q28	109	7.674	115.594	   98870	  184079		
H/N Q53	47	8.024	114.410	  427492	  408778		
H/N Q74	122	7.675	117.717	  621324	  519198		
H/N Q92	234	7.333	115.409	  509478	  508291		
H/N R181	215	8.359	118.464	 4815640	  538105	3	
H/N R226	35	6.678	109.044	  218610	  254146		
H/N R253	70	7.307	118.623	 -344407	  320338		
H/N R27	186	8.851	120.585	  590257	  355817		
H/N R89	194	8.583	122.789	-2069282	  202332		
H/N S105	36	7.296	107.802	  297166	  389239		
H/N S151	121	8.260	124.000	 -688408	  234512		
H/N S165	71	7.990	113.545	  696121	  384611		
H/N S172	135	8.295	113.687	 1853508	  399523	3	
H/N S187	7	7.580	111.435	  413774	  413920		
H/N S196	9	8.574	119.717	 -968440	  156160	47	
H/N S216	117	8.063	116.619	  452271	  265780		
H/N S218	30	8.380	115.994	-3456028	  369186	3	
H/N S219	154	9.282	117.424	 1450641	  402094		
H/N S258	233	8.919	116.441	  -30166	  188964		
H/N S29	177	8.084	118.162	 -452997	  131981	4	
H/N S43	148	8.482	115.262	  298900	  397980		
H/N S48	44	8.460	119.653	 1359702	  297049		
H/N S50	150	8.376	122.763	  568168	  325480		
H/N S56	2	9.945	126.440	  341104	  334735		
H/N S73	147	8.765	115.787	 -570882	  162997	3	
H/N S99	137	8.421	111.965	   90429	  184593		
H/N T108	95	7.346	109.031	   19768	  230149		
H/N T125	168	8.145	117.182	  150452	  219044		
H/N T168	59	6.590	98.835	  410320	  410320		
H/N T176	225	8.070	114.922	   73777	  382554		
H/N T192	254	9.655	115.067	  257330	  277779		
H/N T199	202	7.070	109.393	  157601	  200276		
H/N T207	49	8.444	125.056	  199659	  218015		
H/N T35	87	10.278	122.147	  254427	  254509		
H/N T37	272	7.658	109.024	  265448	  412377	4	
H/N T55	221	9.396	120.695	  302296	  233785		
H/N T87	160	8.454	116.554	  352713	  401065		
H/N V109	10	7.630	118.566	  275499	  291958		
H/N V121	217	9.145	126.328	  188763	  184593		
H/N V134	66	7.377	108.242	  347446	  417005		
H/N V142	125	7.264	124.728	  263290	  276324		
H/N V149	129	8.423	121.458	-4686817	  222386	3	
H/N V159	216	7.025	113.226	  230066	  297049		
H/N V160	189	7.280	114.244	 -224075	  187935		
H/N V162	223	7.130	114.033	  688601	  372271		
H/N V206	248	7.213	119.184	-1450918	  231967		
H/N V210	84	9.661	128.411	  232930	  245056		
H/N V217	191	8.527	115.849	 1522732	  298503		
H/N V222	149	7.323	114.667	  705652	  339877		
H/N V241	110	6.712	115.006	  165493	  222129		
H/N V31	128	6.293	106.820	  245420	  245420		
H/N V49	155	8.368	127.398	  230105	  280324		
H/N V78	41	8.396	115.960	 1041418	  331136	3	
H/N W123	184	9.049	119.216	  121009	  202332		
H/N W191	208	9.548	117.318	 -251784	  207989		
H/N W208	23	8.210	129.815	  201286	  203361		
H/N W244	79	6.431	114.005	   40175	  308320		
H/N W97	139	9.591	119.252	  278028	  290868		
H/N Y114	105	8.150	121.317	-3238709	  214416		
H/N Y127	245	7.596	115.490	 -104877	  289050		
H/N Y190	133	8.696	118.860	 -515145	  182793		
H/N Y193	207	8.131	125.855	  189331	  246510		
H/N Y40	114	8.676	126.909	  267284	  300321		
H/N Y51	108	8.979	124.661	 -201804	  222386		
H/N Y88	18	8.491	126.264	   22505	  220329		
