H/N A115	45	7.531	120.894	  243238	  243238		
H/N A116	68	8.096	112.054	  450845	  450845		
H/N A133	151	8.005	124.619	  382040	  382040		
H/N A141	199	8.834	122.898	  232624	  258872	3	
H/N A152	142	8.328	121.247	  256102	  605731	3	
H/N A173	56	8.968	123.424	  451818	  518471	3	
H/N A23	74	8.586	122.918	  154685	  270871	3	
H/N A247	169	7.936	120.389	  314979	  315228		
H/N A257	104	8.323	123.643	  282846	  282869		
H/N A38	82	7.446	127.700	  599057	  599187		
H/N A54	17	7.360	120.146	  572671	  573736		
H/N A77	135	8.214	123.861	  251875	  253782	3	
H/N C205	176	7.577	114.704	  167625	  167625		
H/N D101	144	8.822	121.345	  268739	  467569	3	
H/N D110	145	9.644	132.245	  276324	  276324		
H/N D129	83	7.417	116.241	  583270	  589734		
H/N D138	152	7.832	114.894	  665696	  779506	3	
H/N D161	31	8.332	117.560	  302059	  302139		
H/N D164	150	8.126	116.336	  607683	  817555	3	
H/N D174	149	8.565	122.041	  461435	  538832		
H/N D179	118	7.945	128.065	  291595	  291595		
H/N D189	76	7.365	121.995	  468329	  471932		
H/N D242	202	7.093	114.803	  158002	  189221		
H/N D32	111	8.256	118.218	  141626	  302139	3	
H/N D34	36	7.482	128.162	  165613	  166082		
H/N D41	32	7.703	128.903	  267235	  267235		
H/N D52	124	8.812	121.199	  272528	  412377	3	
H/N D71	212	8.366	117.056	  266413	  266508		
H/N D72	96	8.933	131.705	  360444	  360444		
H/N E106	24	8.244	119.192	  103934	  113802	3	
H/N E117	194	9.397	121.035	  251895	  252691		
H/N E186	35	8.150	116.250	  465367	  739399	3	
H/N E204	26	8.730	124.779	  218015	  218015		
H/N E213	205	8.849	121.545	  386795	  431916		
H/N E220	159	8.280	118.313	  372114	  433459	3	
H/N E233	171	8.341	121.375	  320640	  509018	3	
H/N E235	162	7.298	119.873	  428955	  430374		
H/N E237	30	8.205	123.402	  643014	  643760		
H/N E238	18	8.978	130.030	  212102	  212102		
H/N E26	154	9.331	117.653	  333690	  333707		
H/N E69	72	8.401	123.974	  241655	  241784		
H/N F130	187	7.468	119.662	  253055	  253055		
H/N F146	190	10.056	128.944	  167111	  167111		
H/N F175	217	7.948	125.261	  219518	  219815		
H/N F178	183	8.206	118.915	  354466	  357359		
H/N F225	86	7.060	118.730	  388568	  388725		
H/N F230	129	8.835	117.196	  144859	  179708	3	
H/N F259	63	6.600	117.907	  341420	  341420		
H/N F66	9	7.157	110.159	  218015	  218015		
H/N F70	113	8.540	118.938	  230871	  230876		
H/N F93	75	8.560	113.506	  270507	  270507		
H/N G102	37	7.624	102.757	  480658	  480658		
H/N G104	133	8.202	106.256	  270507	  270507		
H/N G128	43	7.765	107.345	  350675	  350675		
H/N G131	61	8.011	103.870	  370728	  370728		
H/N G139	115	7.903	107.590	  333707	  333707		
H/N G144	130	9.876	114.250	  194877	  194877		
H/N G150	39	9.070	118.162	  329593	  329593		
H/N G170	114	8.819	117.003	  124732	  165054	3	
H/N G182	3	7.246	102.618	  357874	  357874		
H/N G195	70	9.364	110.616	  314864	  314864		
H/N G232	85	8.621	104.779	  251237	  251237		
H/N G25	66	8.261	108.904	  179451	  179451		
H/N G63	10	9.645	108.965	  167368	  167368		
H/N G8	46	8.246	110.943	  206189	  206189		
H/N G81	158	8.955	106.414	  387696	  387696		
H/N G82	42	7.035	108.708	  235239	  235239		
H/N G86	109	7.820	109.498	 1015127	 1015127		
H/N G98	91	8.021	107.874	  112530	  112530		
H/N H107	180	10.674	117.811	  173024	  173024		
H/N H119	143	8.893	125.871	   36515	  147252	3	
H/N H122	197	8.466	124.318	  183721	  191277	3	
H/N H36	8	8.643	119.827	  172763	  172767		
H/N H94	195	8.151	113.153	  290141	  290141		
H/N H96	127	8.693	115.090	  157086	  162997	3	
H/N I145	209	9.101	124.300	  197962	  197962		
H/N I166	216	7.358	116.337	  302778	  315228		
H/N I209	92	8.706	127.165	  178673	  178680		
H/N I215	12	8.869	113.383	  193334	  193334		
H/N I255	175	8.861	124.410	  376898	  376898		
H/N I33	116	8.677	128.543	  254509	  254509		
H/N I59	203	8.992	122.139	  237784	  237784		
H/N I91	211	8.840	123.150	  153571	  193334	3	
H/N K111	164	9.785	109.855	  198990	  198990		
H/N K112	102	8.198	124.553	  304578	  304684		
H/N K113	52	7.908	121.996	  162483	  162483		
H/N K126	98	7.888	122.859	  372785	  372785		
H/N K132	40	7.683	119.755	  239176	  239239		
H/N K148	64	8.927	119.299	  138985	  142525		
H/N K153	153	8.659	123.898	  154516	  206703	3	
H/N K158	157	8.672	115.465	  429230	  431402		
H/N K167	57	7.328	117.423	  167111	  167111		
H/N K169	47	7.433	120.587	  133060	  133072		
H/N K171	71	7.740	120.218	  351828	  481386	3	
H/N K212	100	7.332	122.327	  223319	  230876	3	
H/N K224	55	6.855	115.046	  276324	  276324		
H/N K227	99	6.796	114.140	  179451	  179451		
H/N K24	121	7.167	114.780	  135448	  226877	3	
H/N K251	184	8.817	114.521	  275961	  275961		
H/N K256	181	8.734	126.496	  125379	  125437		
H/N K260	28	7.701	124.410	  349132	  349132		
H/N K39	22	8.069	122.688	  404664	  404664		
H/N K45	50	7.419	123.161	  508291	  508291		
H/N K76	177	7.897	124.090	  264326	  264326		
H/N K80	93	8.322	121.072	  408562	  534469	3	
H/N L100	41	7.289	119.052	  407926	  414434		
H/N L118	207	9.826	130.391	  125982	  125982		
H/N L120	196	8.954	123.701	  237789	  310501	3	
H/N L140	206	8.782	115.824	  662305	  708548		
H/N L143	106	8.425	128.219	  156887	  156887		
H/N L147	6	8.184	120.346	  198733	  198733		
H/N L156	156	7.492	116.734	  295956	  295958		
H/N L163	13	7.010	121.698	  259963	  259963		
H/N L183	81	7.187	117.307	  294867	  294867		
H/N L184	141	6.587	113.147	  397980	  397980		
H/N L188	125	8.595	125.625	  319560	  320338		
H/N L202	189	9.132	120.470	  147434	  147434		
H/N L203	1	5.914	110.962	  138708	  138708		
H/N L211	34	8.912	126.599	  283591	  283596		
H/N L223	15	7.964	120.883	  430192	  430374		
H/N L228	163	7.056	119.256	  298662	  298867		
H/N L239	108	8.678	125.942	  206687	  277415		
H/N L250	146	8.644	125.971	  238825	  301048		
H/N L44	201	6.968	123.056	  407750	  407750		
H/N L47	60	8.920	125.966	  300684	  314137		
H/N L57	105	8.860	117.686	  171371	  171481		
H/N L60	120	8.646	123.703	  175030	  221100	3	
H/N L79	128	8.929	123.471	  217845	  335764	3	
H/N L84	198	7.717	120.297	  265166	  437058	3	
H/N L90	78	8.500	124.029	  238596	  244329	3	
H/N M240	20	8.605	123.018	  209200	  290504	3	
H/N N124	89	8.971	119.754	  118267	  157432		
H/N N177	29	9.664	115.413	  206148	  216473	3	
H/N N229	38	8.866	118.428	  214159	  214159		
H/N N231	16	8.096	110.638	  184850	  184850		
H/N N243	65	8.362	119.360	  232327	  232331		
H/N N61	117	8.404	121.247	  360694	  431402	3	
H/N N62	5	7.999	123.266	  172252	  172253		
H/N N67	137	8.964	119.572	  101281	  152706	3	
H/N Q103	200	7.800	115.020	  505068	  655073	3	
H/N Q135	148	6.550	113.965	  324451	  324451		
H/N Q136	185	7.498	118.250	  392518	  412891	3	
H/N Q157	173	7.740	122.341	  311228	  311228		
H/N Q221	186	7.480	117.964	  262048	  292322	3	
H/N Q248	80	8.657	122.023	  211507	  212102		
H/N Q254	87	8.539	118.299	  378438	  378441		
H/N Q28	53	7.679	115.415	  271598	  271598		
H/N Q53	97	7.981	114.413	  631177	  631182		
H/N Q74	178	7.624	117.672	  722945	  722945		
H/N Q92	174	7.344	115.676	  295229	  295231		
H/N R181	161	8.363	118.417	  420379	  420604		
H/N R226	90	6.638	109.040	  216987	  216987		
H/N R245	112	10.422	127.088	  118529	  118529		
H/N R253	62	7.246	118.493	  441699	  442200		
H/N R27	69	8.807	120.721	  315786	  316319		
H/N R58	49	7.136	114.660	  362488	  409806		
H/N R89	147	8.537	122.716	  234101	  238512		
H/N S105	140	7.279	107.713	  477362	  477750		
H/N S151	215	8.281	124.434	  190852	  191020		
H/N S165	23	7.943	113.577	  409292	  409292		
H/N S172	51	8.291	113.757	  442714	  442714		
H/N S187	94	7.559	111.306	  569373	  569373		
H/N S196	2	8.667	120.560	   90576	  188707	3	
H/N S216	107	8.041	116.641	  368130	  368157		
H/N S218	25	8.357	115.916	  299596	  395923	3	
H/N S219	213	9.250	117.303	  404137	  404150		
H/N S258	59	8.916	116.496	  238512	  238512		
H/N S29	134	8.032	117.895	  143253	  143253		
H/N S43	103	8.434	115.255	  447341	  447342		
H/N S48	7	8.425	119.877	  295955	  295958		
H/N S50	122	8.328	122.831	  361987	  361987		
H/N S56	132	9.934	126.423	  405693	  405693		
H/N S73	77	8.757	115.733	  110502	  387696	3	
H/N S99	14	8.350	111.822	  173281	  173281		
H/N T108	139	7.305	109.224	  283960	  283960		
H/N T125	214	8.138	117.181	  250873	  250873		
H/N T168	160	6.532	98.592	  443228	  443228		
H/N T176	19	8.051	114.898	  512647	  512654		
H/N T192	210	9.632	115.127	  275881	  283596	3	
H/N T199	192	6.942	108.213	  389753	  389753		
H/N T207	208	8.392	124.898	  201818	  201818		
H/N T35	182	10.252	122.268	  210045	  210045		
H/N T37	67	7.559	108.145	  264326	  264326		
H/N T55	95	9.350	120.682	  232194	  233058		
H/N T87	131	8.446	116.624	  467567	  467569		
H/N V109	4	7.571	118.510	  251711	  251964		
H/N V121	44	9.150	126.510	  190506	  190506		
H/N V134	165	7.347	108.006	  476634	  477023		
H/N V142	126	7.152	124.144	  303957	  303957		
H/N V149	168	8.382	121.341	  139430	  377413	3	
H/N V159	166	6.974	113.144	  282142	  282142		
H/N V160	73	7.235	114.447	  325376	  325480		
H/N V162	123	7.084	113.919	  403636	  403636		
H/N V206	188	7.231	118.964	  259085	  270143	3	
H/N V210	155	9.669	128.469	  297049	  297049		
H/N V217	101	8.483	115.859	  322907	  322909		
H/N V222	170	7.314	114.757	  375832	  375870		
H/N V241	79	6.677	114.882	  239239	  239239		
H/N V31	11	6.243	106.891	  174566	  174566		
H/N V49	58	8.353	127.578	  386668	  386668		
H/N V68	119	8.584	121.896	  199136	  378955		
H/N V78	204	8.335	115.789	  246411	  363530	3	
H/N W123	138	9.008	119.229	  249072	  249783		
H/N W191	33	9.503	117.174	  194620	  194620		
H/N W208	48	8.199	129.337	  202075	  202075		
H/N W244	27	6.416	114.126	  445799	  445799		
H/N W97	88	9.471	119.137	  397466	  397466		
H/N Y114	167	8.131	121.342	  204646	  204646		
H/N Y127	193	7.561	115.506	  354788	  354788		
H/N Y190	110	8.683	118.979	  404150	  404150		
H/N Y193	84	8.001	125.634	  238602	  238875		
H/N Y40	179	8.645	126.652	  383561	  383583		
H/N Y51	21	8.941	125.262	  145616	  145616		
H/N Y7	136	8.651	120.456	  171621	  223414	3	
H/N Y88	172	8.406	125.999	  217244	  217244		
