H/N A115	45	7.582	120.928	  502500	  333193	11	
H/N A116	68	8.149	112.182	  623200	  440143	11	
H/N A133	151	8.043	124.573	  620300	  394895	10	
H/N A141	199	8.889	122.889	  255000	  285050	3	
H/N A152	142	8.343	121.213	  376200	  290141	3	
H/N A173	56	9.024	123.410	  375200	  423175	3	
H/N A23	74	8.610	122.983	  296500	  233058	3	
H/N A247	169	7.942	120.512	  605700	  358902	11	
H/N A257	104	8.370	123.623	  348600	  324966	10	
H/N A38	82	7.476	127.663	  705500	  596278	10	
H/N A54	17	7.404	120.233	  736300	  721917	11	
H/N A77	135	8.227	123.479	  395800	  398494	3	
H/N C205	176	7.630	114.696	  249400	  190763	10	
H/N D101	144	8.876	121.648	  -53740	  424718	3	
H/N D110	145	9.680	132.247	  356800	  297412	10	
H/N D129	83	7.460	116.321	  731000	  605004	10	
H/N D138	152	7.892	114.980	  526400	  505382	13	
H/N D161	31	8.369	117.650	  403100	  352217	11	
H/N D164	150	8.163	116.242	  617200	  718832	3	
H/N D174	149	8.582	122.130	  493700	  418033	11	
H/N D179	118	7.955	128.106	  361500	  298503	11	
H/N D189	76	7.387	121.925	  559800	  432430		
H/N D242	202	7.142	114.823	  277000	  265053	3	
H/N D32	111	8.281	118.253	  321900	  284687	11	
H/N D34	36	7.432	128.444	  519900	  327537	11	
H/N D41	32	7.728	128.887	  344000	  297412	10	
H/N D52	124	8.864	121.510	 -210100	  249419	3	
H/N D71	212	8.398	117.023	  345000	  217501	11	
H/N D72	96	8.972	131.708	  474800	  403122	10	
H/N E106	24	8.300	119.319	  206900	  122710	11	
H/N E117	194	9.448	121.179	   18220	  237057		
H/N E186	35	8.176	116.117	  595300	  613003	3	
H/N E204	26	8.747	124.747	  344000	  276324	11	
H/N E213	205	8.882	121.761	  418000	  341420	3	
H/N E220	159	8.342	118.348	   14790	  342448	3	
H/N E233	171	8.393	121.325	  262900	  247601	3	
H/N E235	162	7.336	119.992	  477000	  439115		
H/N E237	30	8.209	123.318	  589300	  493020	3	
H/N E238	18	9.027	130.091	  418500	  246874	10	
H/N E26	154	9.338	117.745	  500300	  375870	11	
H/N E69	72	8.430	123.910	  444600	  258509	11	
H/N F130	187	7.518	119.780	  433500	  256327	11	
H/N F146	190	10.076	128.872	  318800	  229786		
H/N F175	217	7.981	125.337	  356800	  306502	11	
H/N F178	183	8.245	118.927	  546100	  381526	11	
H/N F225	86	7.101	118.741	  616600	  451572	11	
H/N F230	129	8.836	117.304	  267200	  146343	13	
H/N F259	63	6.657	118.007	  441200	  364044	11	
H/N F66	9	7.189	110.140	    8352	  207217		
H/N F70	113	8.587	119.105	  488700	  277415	11	
H/N F93	75	8.599	113.555	   28950	  197448		
H/N G102	37	7.653	102.784	  282900	  270871	10	
H/N G104	133	8.222	106.358	  434000	  300684	11	
H/N G128	43	7.797	107.417	  522800	  383583	10	
H/N G131	61	8.051	103.828	  637600	  420090	11	
H/N G139	115	7.939	107.688	  416500	  350161	11	
H/N G144	130	9.902	114.249	  148300	  270143	11	
H/N G150	39	9.109	118.099	  460300	  389239	10	
H/N G170	114	8.857	116.910	  239600	  101295	13	
H/N G182	3	7.302	102.677	  408800	  360959	11	
H/N G195	70	9.393	110.674	  406200	  328565	11	
H/N G232	85	8.661	104.772	  388200	  176366	11	
H/N G25	66	8.302	108.894	  337800	  335764	11	
H/N G63	10	9.651	109.041	  -17290	  139253		
H/N G8	46	8.257	110.894	  414400	  278506	10	
H/N G81	158	8.979	106.455	  530800	  430888	10	
H/N G82	42	7.076	108.720	  435000	  256691	10	
H/N G86	109	7.827	109.406	  427300	  381012	11	
H/N G98	91	8.042	107.792	  165300	  162483	10	
H/N H107	180	10.718	117.880	   40620	  146707		
H/N H119	143	8.954	125.742	  303200	  213388	3	
H/N H122	197	8.503	124.305	  382600	  207217	3	
H/N H36	8	8.620	119.882	  389200	  331136	13	
H/N H94	195	8.212	113.312	    9033	  309047		
H/N H96	127	8.754	115.192	   95200	  145616	3	
H/N I145	209	9.152	124.320	  352600	  233058	4	
H/N I166	216	7.394	116.266	  479000	  365586	11	
H/N I209	92	8.759	127.204	  281100	  303230	11	
H/N I215	12	8.906	113.345	  442200	  310501	11	
H/N I255	175	8.900	124.452	  444300	  390267	11	
H/N I33	116	8.702	128.404	  300000	  250510	11	
H/N I59	203	9.027	122.187	  317300	  209788	11	
H/N I91	211	8.868	123.084	  207500	  275234	3	
H/N K111	164	9.828	109.731	  223700	  215444	10	
H/N K112	102	8.234	124.359	  263200	  277415	11	
H/N K113	52	7.913	121.769	  227200	  199247	11	
H/N K126	98	7.930	122.942	  445300	  349132	11	
H/N K132	40	7.716	119.725	  302900	  216473	11	
H/N K148	64	8.971	119.518	  375500	  183308		
H/N K153	153	8.691	123.990	  338500	  288323	3	
H/N K158	157	8.720	115.522	  528400	  562101		
H/N K167	57	7.330	117.397	  273000	  159912	11	
H/N K169	47	7.474	120.671	  177700	   80085	11	
H/N K171	71	7.778	120.215	  123100	  479204	3	
H/N K212	100	7.378	122.269	  184900	  218529	3	
H/N K224	55	6.899	115.096	  341400	  306865	11	
H/N K227	99	6.848	114.091	  301000	  208760	11	
H/N K24	121	7.207	114.733	  201800	  271961	3	
H/N K251	184	8.844	114.558	  277800	  264690	11	
H/N K256	181	8.760	126.603	  185600	  152888	11	
H/N K260	28	7.716	124.390	  391300	  304684	11	
H/N K39	22	8.110	122.489	  447300	  391296	11	
H/N K45	50	7.499	122.950	  286500	  235239	10	
H/N K76	177	7.950	124.202	  273400	  268325	11	
H/N K80	93	8.356	121.103	  317000	  180480	3	
H/N L100	41	7.351	119.041	  528700	  418547	11	
H/N L118	207	9.857	130.387	   14250	  145434		
H/N L120	196	8.996	123.634	  136200	  535196	3	
H/N L140	206	8.814	115.962	    3528	  372785		
H/N L143	106	8.470	128.280	   29310	  238512		
H/N L147	6	8.230	120.363	  299600	  222643	11	
H/N L156	156	7.522	116.786	  428700	  310501	11	
H/N L163	13	7.058	121.671	  489400	  328565	11	
H/N L183	81	7.241	117.361	  392300	  303230	11	
H/N L184	141	6.632	113.181	  638600	  467569	10	
H/N L188	125	8.605	125.524	  198200	  127618	3	
H/N L202	189	9.198	120.647	    8931	  159655		
H/N L203	1	5.966	110.993	  218800	  172767	11	
H/N L211	34	8.959	126.733	  335200	  254873	10	
H/N L223	15	7.984	120.821	  432400	  544649		
H/N L228	163	7.109	119.347	  526500	  375870	11	
H/N L239	108	8.675	125.877	  452000	  355303	3	
H/N L250	146	8.644	125.728	  489900	  212873	3	
H/N L44	201	7.022	123.134	  511200	  407750	11	
H/N L47	60	8.945	125.909	  -26190	  285414	3	
H/N L57	105	8.907	117.720	  343000	  238148	10	
H/N L60	120	8.710	123.835	  485400	  307593	3	
H/N L79	128	8.984	123.499	  165500	  358902	3	
H/N L84	198	7.758	120.340	  355600	  377413	3	
H/N L90	78	8.527	124.127	  177100	  292322	3	
H/N M240	20	8.621	123.131	  284800	  199504	3	
H/N N124	89	9.012	119.794	  -76120	  203361	3	
H/N N177	29	9.686	115.513	  385600	  209788	11	
H/N N229	38	8.890	118.501	  293000	  198476	10	
H/N N231	16	8.134	110.629	  445300	  156160	11	
H/N N243	65	8.425	119.566	  -22200	  291231		
H/N N61	117	8.433	121.286	  317200	  334221	3	
H/N N62	5	8.049	123.275	  247200	  144889	11	
H/N N67	137	9.001	119.691	  200000	  170967	3	
H/N Q103	200	7.850	115.023	  785600	  666385	13	
H/N Q135	148	6.596	114.020	  -72670	  385125		
H/N Q136	185	7.550	118.274	  573500	  424718	11	
H/N Q157	173	7.785	122.333	  442700	  377927	11	
H/N Q221	186	7.518	117.959	  423900	  294867	11	
H/N Q248	80	8.708	122.070	  141100	  196419		
H/N Q254	87	8.541	118.230	  306500	  320852	11	
H/N Q28	53	7.680	115.506	  437600	  292322	10	
H/N Q53	97	8.002	114.409	  478500	  303957	11	
H/N Q74	178	7.661	117.692	  636600	  646846	10	
H/N Q92	174	7.335	115.400	  375900	  376898	11	
H/N R181	161	8.364	118.435	  145400	  357874	3	
H/N R226	90	6.676	109.051	  339400	  261781	11	
H/N R245	112	10.499	127.078	  304000	  134163	11	
H/N R253	62	7.296	118.526	  491600	  541013	11	
H/N R27	69	8.849	120.886	  372800	  292686	3	
H/N R58	49	7.175	114.632	  293000	  425746	3	
H/N R89	147	8.580	122.773	  640900	  350675	3	
H/N S105	140	7.305	107.711	  180200	  519198		
H/N S165	23	7.990	113.571	  605700	  448663	11	
H/N S172	51	8.304	113.684	  570800	  464661		
H/N S187	94	7.592	111.343	  889500	  703406	10	
H/N S196	2	8.697	120.717	   26080	  153251	3	
H/N S216	107	8.067	116.730	  438600	  373813	11	
H/N S218	25	8.401	116.019	  419500	  422661	3	
H/N S219	213	9.281	117.376	  384100	  298503	11	
H/N S258	59	8.936	116.436	  268300	  249419	10	
H/N S29	134	8.085	118.111	  155400	  164540	11	
H/N S43	103	8.485	115.302	  518500	  474841	11	
H/N S48	7	8.459	119.820	  226000	  376384		
H/N S50	122	8.374	122.900	  449400	  430888	11	
H/N S56	132	9.944	126.380	  496700	  392324	11	
H/N S73	77	8.800	115.853	  463900	  274506	3	
H/N S99	14	8.414	111.966	  365100	  255600	11	
H/N T108	139	7.348	109.259	  436000	  313046	10	
H/N T125	214	8.171	117.232	  389200	  279960	11	
H/N T168	160	6.586	98.717	  646800	  514108	11	
H/N T176	19	8.072	114.898	  507600	  495202	11	
H/N T192	210	9.664	115.159	  494400	  315591	11	
H/N T199	192	6.975	108.196	    7781	  249055		
H/N T207	208	8.434	125.042	  259200	  217501	11	
H/N T35	182	10.267	122.389	  427300	  285050	10	
H/N T37	67	7.587	108.111	  473400	  486476	11	
H/N T55	95	9.384	120.610	  255600	  242511	11	
H/N T87	131	8.466	116.621	  464600	  430374	11	
H/N V109	4	7.638	118.512	  390800	  271234	10	
H/N V121	44	9.185	126.584	   22300	  195905		
H/N V134	165	7.385	108.161	  -24780	  432430		
H/N V142	126	7.206	124.260	  205700	  343476	10	
H/N V149	168	8.417	121.441	  655400	  456662	3	
H/N V159	166	7.020	113.184	  453800	  385125	10	
H/N V160	73	7.290	114.335	  312700	  250873	11	
H/N V162	123	7.134	113.969	  518500	  433973	11	
H/N V206	188	7.263	119.046	  432900	  271961	11	
H/N V210	155	9.698	128.482	  487200	  288323	11	
H/N V217	101	8.529	115.888	  421100	  343476	11	
H/N V222	170	7.350	114.777	   37450	  450845		
H/N V241	79	6.716	115.001	  457400	  241784	11	
H/N V31	11	6.280	106.997	  196700	  220843	11	
H/N V49	58	8.367	127.445	  455900	  378955	11	
H/N V68	119	8.657	121.796	   10200	  162740		
H/N V78	204	8.382	115.853	  463000	  414948	3	
H/N W123	138	9.061	119.282	  193600	  317253		
H/N W191	33	9.540	117.243	  350200	  229786	11	
H/N W208	48	8.240	129.423	  341400	  265053	11	
H/N W244	27	6.451	114.054	  256900	  382040	11	
H/N W97	88	9.534	119.154	    5295	  272325		
H/N Y114	167	8.158	121.325	  343500	  226513	11	
H/N Y127	193	7.593	115.450	  562800	  511927	11	
H/N Y190	110	8.715	118.852	  309800	  257418	11	
H/N Y193	84	8.058	125.651	  493700	  335764	11	
H/N Y40	179	8.669	126.618	  139900	  120347		
H/N Y51	21	8.975	125.457	  -22530	  141616	3	
H/N Y7	136	8.700	120.563	   16720	  154706	3	
H/N Y88	172	8.470	126.146	  308000	  235603	11	
