H/N A115	45	7.524	120.764	  250655	  251964		
H/N A116	68	8.127	112.500	  412377	  412377		
H/N A133	151	7.969	124.552	  474817	  474841		
H/N A141	199	8.902	122.868	  224213	  226150	3	
H/N A152	142	8.323	121.176	  248052	  557738	3	
H/N A173	56	8.963	123.293	  232967	  233785	3	
H/N A23	74	8.613	122.990	  157953	  164283	3	
H/N A247	169	7.954	120.370	  142760	  202847	3	
H/N A257	104	8.319	123.609	  295533	  296322		
H/N A38	82	7.474	127.649	  516246	  516290		
H/N A54	17	7.363	120.201	  546367	  547558		
H/N A77	135	8.212	123.895	  225719	  225786	3	
H/N C205	176	7.533	114.460	  174566	  174566		
H/N D101	144	8.820	121.298	  141828	  341420	3	
H/N D110	145	9.648	132.284	  246510	  246510		
H/N D129	83	7.539	116.766	  424555	  429860	4	
H/N D138	152	7.828	115.127	  909620	  958408	3	
H/N D161	31	8.325	117.597	  304665	  304684		
H/N D164	150	8.123	116.304	  841283	 1092207	3	
H/N D174	149	8.558	122.031	  494776	  495202		
H/N D179	118	7.930	128.015	  254146	  254146		
H/N D189	76	7.359	122.010	  466120	  470478		
H/N D242	202	7.105	114.806	  240306	  277052	3	
H/N D32	111	8.222	118.025	  222212	  234876	3	
H/N D34	36	7.450	128.233	  227505	  227604		
H/N D41	32	7.672	128.909	  255236	  255236		
H/N D52	124	8.803	121.150	  394811	  549012	3	
H/N D71	212	8.344	116.946	  198539	  220843		
H/N D72	96	8.959	131.503	  332678	  332678		
H/N E106	24	8.156	118.987	  168754	  232694	3	
H/N E117	194	9.451	121.816	  259236	  259236		
H/N E186	35	8.148	116.191	  583611	  945319	3	
H/N E204	26	8.651	124.349	  141819	  166082	3	
H/N E213	205	8.854	121.639	  322501	  325994	3	
H/N E220	159	8.274	118.161	  204946	  218786	3	
H/N E233	171	8.333	121.293	  253410	  485021	3	
H/N E235	162	7.295	119.920	  425245	  426774		
H/N E237	30	8.165	123.333	  523541	  523561		
H/N E238	18	8.995	130.088	  208246	  208246		
H/N E26	154	9.350	117.864	  311228	  311228		
H/N E69	72	8.334	124.069	  141610	  143434	4	
H/N F130	187	7.604	120.445	  260215	  260327	4	
H/N F146	190	10.008	128.585	  178166	  178166		
H/N F175	217	7.942	125.297	  238147	  238148		
H/N F178	183	8.192	118.871	  270631	  310501		
H/N F225	86	7.043	118.761	  390846	  391296		
H/N F230	129	8.814	117.312	  219287	  251601	3	
H/N F259	63	6.611	117.970	  313410	  313410		
H/N F66	9	6.993	110.513	   98338	   98338	4	
H/N F70	113	8.462	119.151	  149802	  183565	3	
H/N F93	75	8.472	113.286	  231603	  231603		
H/N G102	37	7.627	102.758	  411863	  411863		
H/N G104	133	8.206	106.395	  234512	  234512		
H/N G128	43	7.863	108.128	  279546	  279960	4	
H/N G131	61	7.982	103.641	  394895	  394895		
H/N G139	115	7.865	107.606	  259045	  265780		
H/N G144	130	9.860	114.143	  166597	  166597		
H/N G150	39	9.083	118.190	  274087	  274143		
H/N G170	114	8.730	116.795	  123800	  123801	3	
H/N G182	3	7.234	102.613	  333193	  333193		
H/N G195	70	9.307	111.102	  277415	  277415		
H/N G232	85	8.615	104.702	  248692	  248692		
H/N G25	66	8.244	108.854	  212873	  212873		
H/N G63	10	9.540	109.804	  235966	  235966		
H/N G8	46	8.217	110.816	  207726	  207731		
H/N G81	158	8.941	106.423	  307229	  307229		
H/N G82	42	6.994	108.658	  242511	  242511		
H/N G86	109	7.823	109.873	  789789	  789789		
H/N G98	91	7.915	107.488	   76538	   97824	4	
H/N H107	180	10.705	117.972	  109008	  109008		
H/N H119	143	8.929	125.750	    5344	  293413	3	
H/N H122	197	8.443	124.247	  174191	  174309	3	
H/N H36	8	8.643	119.977	   85577	  133981	3	
H/N H94	195	8.203	114.064	  168554	  168653	4	
H/N H96	127	8.549	114.451	  141253	  141253	4	
H/N I145	209	9.246	124.281	  201818	  201818		
H/N I166	216	7.343	116.351	  325989	  325994		
H/N I209	92	8.811	127.554	  239966	  239966	4	
H/N I215	12	8.894	113.437	  227604	  227604		
H/N I255	175	8.851	124.397	  321880	  321880		
H/N I33	116	8.695	128.580	  182022	  182022		
H/N I59	203	8.979	122.312	  178165	  178166		
H/N I91	211	8.840	123.078	  143829	  146707	3	
H/N K111	164	9.799	109.765	  179965	  179965		
H/N K112	102	8.192	124.623	  315545	  316319		
H/N K113	52	7.883	121.952	  183822	  183822		
H/N K126	98	7.937	122.626	  153251	  153251		
H/N K132	40	7.625	119.707	  218786	  218786		
H/N K148	64	8.900	119.226	  124148	  127982		
H/N K153	153	8.655	123.868	  140182	  212102	3	
H/N K158	157	8.671	115.556	  447461	  557011		
H/N K167	57	7.296	117.270	  198175	  198219		
H/N K169	47	7.466	120.511	  102422	  105409		
H/N K171	71	7.756	120.280	  226538	  255964	3	
H/N K212	100	7.296	122.124	  185739	  196676	3	
H/N K224	55	6.846	115.041	  235239	  235239		
H/N K227	99	6.787	114.086	  154160	  154160		
H/N K24	121	7.147	114.756	  117285	  166597	3	
H/N K251	184	8.805	114.504	  198476	  198476		
H/N K256	181	8.709	126.583	  147282	  165825		
H/N K260	28	7.697	124.379	  280324	  280324		
H/N K39	22	8.094	122.745	  361471	  361473		
H/N K45	50	7.419	123.238	  562828	  562828		
H/N K76	177	7.896	124.020	  210382	  210559		
H/N K80	93	8.310	120.981	  388206	  491566	3	
H/N L100	41	7.316	119.137	  286152	  373299	3	
H/N L118	207	9.751	130.471	  121619	  121619		
H/N L120	196	8.981	123.807	  159524	  159912	3	
H/N L140	206	8.648	115.699	  280786	  455208	3	
H/N L143	106	8.561	126.911	  218468	  218529	4	
H/N L147	6	8.193	120.404	  167882	  167882		
H/N L156	156	7.473	116.728	  240793	  250146		
H/N L163	13	6.992	121.715	  233785	  233785		
H/N L183	81	7.198	117.402	  276656	  276688		
H/N L184	141	6.559	113.125	  373299	  373299		
H/N L188	125	8.590	125.585	  296011	  316319		
H/N L202	189	9.120	120.968	   98981	   98981		
H/N L203	1	5.830	110.508	  186907	  186907		
H/N L211	34	9.014	126.766	  208244	  208246		
H/N L223	15	7.927	120.656	  780861	  791846	3	
H/N L228	163	7.063	119.280	  368709	  369186		
H/N L239	108	8.666	125.924	  226253	  263962		
H/N L250	146	8.629	125.785	  194638	  269053		
H/N L44	201	6.974	123.110	  367129	  367129		
H/N L47	60	8.924	125.840	  258501	  293049	3	
H/N L57	105	8.801	117.579	  201534	  236694	3	
H/N L60	120	8.628	123.763	  172156	  230149	3	
H/N L79	128	8.893	123.556	  165076	  165825	3	
H/N L84	198	7.706	120.328	  272171	  296685	3	
H/N L90	78	8.605	124.240	  196493	  214673	4	
H/N M240	20	8.569	123.221	  119083	  127437	3	
H/N N124	89	8.952	119.668	  118205	  155251	3	
H/N N177	29	9.663	115.531	  231967	  231967		
H/N N229	38	8.876	118.475	  316319	  316319		
H/N N231	16	8.118	110.528	  209268	  209274		
H/N N243	65	8.438	119.381	  193985	  232694	3	
H/N N61	117	8.486	121.232	  158158	  158160	4	
H/N N62	5	7.987	123.928	  277612	  277779		
H/N N67	137	8.935	119.518	   80740	  140526	3	
H/N Q103	200	7.799	115.011	  139117	  458116	3	
H/N Q135	148	6.595	114.281	  272226	  272325		
H/N Q136	185	7.526	118.351	  120394	  274506	3	
H/N Q157	173	7.718	122.280	  298867	  298867		
H/N Q221	186	7.478	117.889	  270765	  270871		
H/N Q248	80	8.737	122.163	  164949	  165054		
H/N Q254	87	8.531	118.201	  345019	  345019		
H/N Q28	53	7.648	115.584	  231603	  231603		
H/N Q53	97	7.965	114.392	  456524	  456662		
H/N Q74	178	7.661	117.606	  632637	  632637		
H/N Q92	174	7.334	115.660	  385917	  389753		
H/N R181	161	8.365	118.385	  402560	  402608		
H/N R226	90	6.604	108.919	  174309	  174309		
H/N R245	112	10.639	127.619	  105666	  105666		
H/N R253	62	7.263	118.587	  401493	  401579		
H/N R27	69	8.789	120.988	  194436	  379984	3	
H/N R58	49	7.067	114.521	  306113	  316319	3	
H/N R89	147	8.548	122.537	  196599	  197705		
H/N S105	140	7.228	107.649	  698264	  698264		
H/N S151	215	8.266	124.430	  215972	  217244		
H/N S165	23	7.941	113.554	  419062	  419062		
H/N S172	51	8.270	113.636	  368626	  368671		
H/N S187	94	7.551	111.347	  610822	  610822		
H/N S196	2	8.718	120.254	  256219	  256327	3	
H/N S216	107	8.022	116.714	  592640	  592642		
H/N S218	25	8.364	115.925	  354505	  431916	3	
H/N S219	213	9.250	117.375	  334221	  334221		
H/N S258	59	8.895	116.441	  192563	  192563		
H/N S43	103	8.439	115.186	  453753	  453753		
H/N S48	7	8.437	119.767	  427705	  433459		
H/N S50	122	8.344	122.766	  376384	  376384		
H/N S56	132	9.919	126.369	  328051	  328051		
H/N S73	77	8.758	115.766	  205704	  205932	3	
H/N S99	14	8.378	111.784	  170710	  170710		
H/N T108	139	7.301	108.922	  257170	  297776	3	
H/N T168	160	6.533	98.610	  474114	  474114		
H/N T176	19	8.037	114.790	  522714	  522834		
H/N T192	210	9.584	114.849	  307956	  307956		
H/N T199	192	6.704	108.519	  205931	  205932	4	
H/N T207	208	8.314	125.027	  155063	  155069		
H/N T35	182	10.248	122.231	  220329	  220329		
H/N T37	67	7.584	108.519	  247965	  247965		
H/N T55	95	9.367	120.759	  180737	  180737		
H/N T87	131	8.389	116.730	  389177	  400551		
H/N V109	4	7.555	118.494	  517582	  553375	3	
H/N V121	44	9.080	126.202	  164023	  164026		
H/N V134	165	7.334	108.846	  119776	  206960	34	
H/N V142	126	7.166	124.912	  264690	  264690		
H/N V149	168	8.374	121.478	  409311	  438601	3	
H/N V159	166	6.965	113.152	  247238	  247238		
H/N V160	73	7.220	113.997	  249781	  249783		
H/N V162	123	7.079	113.849	  341927	  341934		
H/N V206	188	7.326	119.009	  139916	  318281	3	
H/N V210	155	9.588	128.175	  206703	  206703		
H/N V217	101	8.503	115.991	  274143	  274143		
H/N V222	170	7.277	114.615	  293773	  293776		
H/N V241	79	6.646	114.766	  244946	  245056		
H/N V31	11	6.264	106.652	  181765	  181765		
H/N V49	58	8.338	127.351	  493020	  493020		
H/N V68	119	8.751	121.627	  110392	  110936	4	
H/N V78	204	8.336	115.765	  279872	  377927	3	
H/N W123	138	9.038	118.724	  270451	  270507		
H/N W191	33	9.516	117.273	  216473	  216473		
H/N W208	48	8.114	129.782	  216216	  216216		
H/N W244	27	6.342	113.797	  422661	  422661		
H/N W97	88	9.605	119.095	  317767	  317767		
H/N Y114	167	8.141	121.447	  202847	  202847		
H/N Y127	193	7.346	115.215	  466581	  469751	4	
H/N Y190	110	8.722	118.884	  297049	  297049		
H/N Y193	84	8.104	125.826	  262872	  262872		
H/N Y40	179	8.652	126.660	  357919	  365586		
H/N Y51	21	8.937	125.590	  153187	  206960	3	
H/N Y7	136	8.610	120.062	  146784	  174824	3	
H/N Y88	172	8.467	124.790	  203004	  203104	4	
