H/N A115	45	7.522	120.888	  502500	  479204	11	
H/N A116	68	8.092	112.040	  623200	  675640	11	
H/N A133	151	8.003	124.615	  620300	  662271	10	
H/N A141	199	8.837	122.839	  255000	  341420	3	
H/N A152	142	8.311	121.225	  376200	  747626	3	
H/N A173	56	8.979	123.338	  375200	  515563	3	
H/N A23	74	8.596	122.974	  296500	  554102	3	
H/N A247	169	7.933	120.351	  605700	  599914	11	
H/N A257	104	8.322	123.610	  348600	  503201	10	
H/N A38	82	7.435	127.654	  705500	  907506	10	
H/N A54	17	7.358	120.141	  736300	  900234	11	
H/N A77	135	8.211	123.724	  395800	  365586	3	
H/N C205	176	7.573	114.730	  249400	  315955	10	
H/N D101	144	8.832	121.465	  -53740	  554102	3	
H/N D110	145	9.648	132.308	  356800	  531560	10	
H/N D129	83	7.413	116.196	  731000	  935138	10	
H/N D138	152	7.842	114.863	  526400	  706491	13	
H/N D161	31	8.328	117.552	  403100	  588279	11	
H/N D164	150	8.121	116.337	  617200	 1297804	3	
H/N D174	149	8.561	122.056	  493700	  924958	11	
H/N D179	118	7.943	128.066	  361500	  474114	11	
H/N D189	76	7.363	121.952	  559800	  721917		
H/N D242	202	7.101	114.720	  277000	  418547	3	
H/N D32	111	8.254	118.248	  321900	  510472	3	
H/N D34	36	7.456	128.270	  519900	  525743	11	
H/N D41	32	7.693	128.910	  344000	  469751	10	
H/N D52	124	8.818	121.300	 -210100	  628274	3	
H/N D71	212	8.360	116.958	  345000	  445799	11	
H/N D72	96	8.923	131.689	  474800	  613003	10	
H/N E106	24	8.234	119.112	  206900	  210302	11	
H/N E117	194	9.389	120.972	   18220	  409806		
H/N E186	35	8.157	116.162	  595300	  889541	3	
H/N E204	26	8.726	124.756	  344000	  397466	11	
H/N E213	205	8.848	121.619	  418000	  525016	3	
H/N E220	159	8.294	118.344	   14790	  645817	3	
H/N E233	171	8.345	121.319	  262900	  649931	3	
H/N E235	162	7.291	119.967	  477000	  686952		
H/N E237	30	8.197	123.366	  589300	  908960	3	
H/N E238	18	8.982	130.062	  418500	  464661	10	
H/N E26	154	9.327	117.692	  500300	  602096	11	
H/N E69	72	8.394	123.969	  444600	  391296	11	
H/N F130	187	7.464	119.622	  433500	  378955	11	
H/N F146	190	10.065	128.938	  318800	  283960		
H/N F175	217	7.935	125.272	  356800	  473387	11	
H/N F178	183	8.197	118.844	  546100	  619548	11	
H/N F225	86	7.056	118.742	  616600	  684895	11	
H/N F230	129	8.814	117.238	  267200	  320852	3	
H/N F259	63	6.599	117.945	  441200	  615185	11	
H/N F66	9	7.171	110.146	    8352	  272688		
H/N F70	113	8.536	118.878	  488700	  414434	11	
H/N F93	75	8.560	113.533	   28950	  409292		
H/N G102	37	7.620	102.786	  282900	  658158	10	
H/N G104	133	8.197	106.252	  434000	  474114	11	
H/N G128	43	7.757	107.326	  522800	  588279	10	
H/N G131	61	8.010	103.857	  637600	  632637	11	
H/N G139	115	7.897	107.618	  416500	  558466	11	
H/N G144	130	9.869	114.219	  148300	  354788	11	
H/N G150	39	9.069	118.167	  460300	  581008	10	
H/N G170	114	8.826	116.933	  239600	  263962	3	
H/N G182	3	7.244	102.642	  408800	  557011	11	
H/N G195	70	9.361	110.612	  406200	  475568	11	
H/N G232	85	8.620	104.770	  388200	  389753	11	
H/N G25	66	8.254	108.857	  337800	  389239	11	
H/N G63	10	9.639	108.929	  -17290	  311592		
H/N G8	46	8.244	110.974	  414400	  413920	10	
H/N G81	158	8.955	106.438	  530800	  632637	10	
H/N G82	42	7.030	108.709	  435000	  439629	10	
H/N G86	109	7.816	109.501	  427300	 1369790	11	
H/N G98	91	8.003	107.906	  165300	  203104	10	
H/N H107	180	10.659	117.780	   40620	  229422		
H/N H119	143	8.922	125.835	  303200	  235239	3	
H/N H122	197	8.464	124.294	  382600	  315591	3	
H/N H36	8	8.642	119.871	  389200	  209017	13	
H/N H94	195	8.148	113.107	    9033	  449390		
H/N H96	127	8.680	114.955	   95200	  221872	3	
H/N I145	209	9.094	124.284	  352600	  394381	4	
H/N I166	216	7.353	116.342	  479000	  607913	11	
H/N I209	92	8.707	127.154	  281100	  430888	11	
H/N I215	12	8.869	113.376	  442200	  405179	11	
H/N I255	175	8.864	124.414	  444300	  583916	11	
H/N I33	116	8.668	128.470	  300000	  378955	11	
H/N I59	203	8.987	122.099	  317300	  314864	11	
H/N I91	211	8.836	123.115	  207500	  295594	3	
H/N K111	164	9.801	109.759	  223700	  324451	10	
H/N K112	102	8.190	124.506	  263200	  454480	11	
H/N K113	52	7.901	121.965	  227200	  282142	11	
H/N K126	98	7.884	122.884	  445300	  550467	11	
H/N K132	40	7.685	119.727	  302900	  341420	11	
H/N K148	64	8.919	119.325	  375500	  298139		
H/N K153	153	8.654	123.873	  338500	  370214	3	
H/N K158	157	8.672	115.461	  528400	  819612		
H/N K167	57	7.331	117.414	  273000	  291958	11	
H/N K169	47	7.430	120.576	  177700	  222386	11	
H/N K171	71	7.738	120.161	  123100	  596278	3	
H/N K212	100	7.336	122.278	  184900	  557011	3	
H/N K224	55	6.856	115.077	  341400	  450117	11	
H/N K227	99	6.794	114.117	  301000	  299594	11	
H/N K24	121	7.162	114.790	  201800	  400551	3	
H/N K251	184	8.811	114.501	  277800	  473387	11	
H/N K256	181	8.729	126.533	  185600	  234149	11	
H/N K260	28	7.696	124.360	  391300	  582462	11	
H/N K39	22	8.068	122.584	  447300	  642732	11	
H/N K45	50	7.487	122.998	  286500	  333707	10	
H/N K76	177	7.896	124.138	  273400	  397466	11	
H/N K80	93	8.322	121.088	  317000	  777449	3	
H/N L100	41	7.282	119.030	  528700	  567919	11	
H/N L118	207	9.819	130.378	   14250	  244329		
H/N L120	196	8.946	123.656	  136200	  389239	3	
H/N L140	206	8.783	115.956	    3528	  719860		
H/N L143	106	8.422	128.220	   29310	  332678		
H/N L147	6	8.174	120.324	  299600	  325994	11	
H/N L156	156	7.488	116.688	  428700	  499565	11	
H/N L163	13	7.006	121.674	  489400	  483567	11	
H/N L183	81	7.182	117.293	  392300	  530833	11	
H/N L184	141	6.582	113.160	  638600	  691066	10	
H/N L188	125	8.593	125.639	  198200	  473387	3	
H/N L202	189	9.134	120.537	    8931	  233785		
H/N L203	1	5.922	111.027	  218800	  339877	11	
H/N L211	34	8.912	126.620	  335200	  416491	10	
H/N L223	15	7.959	120.883	  432400	  771279		
H/N L228	163	7.048	119.287	  526500	  583189	11	
H/N L239	108	8.677	125.950	  452000	  457389	3	
H/N L250	146	8.632	125.896	  489900	  494475	3	
H/N L44	201	6.964	123.080	  511200	  687980	11	
H/N L47	60	8.917	125.991	  -26190	  522107	3	
H/N L57	105	8.858	117.704	  343000	  270871	10	
H/N L60	120	8.650	123.693	  485400	  393352	3	
H/N L79	128	8.931	123.477	  165500	  457389	3	
H/N L84	198	7.715	120.323	  355600	  642732	3	
H/N L90	78	8.493	124.012	  177100	  331650	3	
H/N M240	20	8.576	123.129	  284800	  314864	3	
H/N N124	89	8.963	119.812	  -76120	  231967	3	
H/N N177	29	9.660	115.447	  385600	  418547	11	
H/N N229	38	8.859	118.424	  293000	  367129	10	
H/N N231	16	8.099	110.664	  445300	  403122	11	
H/N N243	65	8.351	119.346	  -22200	  437572		
H/N N61	117	8.408	121.269	  317200	  578826	3	
H/N N62	5	7.986	123.275	  247200	  314501	11	
H/N N67	137	8.967	119.624	  200000	  188449	3	
H/N Q103	200	7.805	115.003	  785600	 1115476	13	
H/N Q135	148	6.546	114.011	  -72670	  595551		
H/N Q136	185	7.493	118.252	  573500	  727059	11	
H/N Q157	173	7.734	122.337	  442700	  559193	11	
H/N Q221	186	7.472	117.979	  423900	  479204	11	
H/N Q248	80	8.649	122.012	  141100	  234149		
H/N Q254	87	8.531	118.278	  306500	  676668	11	
H/N Q28	53	7.682	115.446	  437600	  442714	10	
H/N Q53	97	7.975	114.386	  478500	  940956	11	
H/N Q74	178	7.621	117.647	  636600	  999129	10	
H/N Q92	174	7.337	115.696	  375900	  447342	11	
H/N R181	161	8.360	118.418	  145400	  519926	3	
H/N R226	90	6.633	109.052	  339400	  447342	11	
H/N R245	112	10.411	127.071	  304000	  185364	11	
H/N R253	62	7.242	118.482	  491600	  712661	11	
H/N R27	69	8.806	120.711	  372800	  583916	3	
H/N R58	49	7.128	114.636	  293000	  667413	3	
H/N R89	147	8.531	122.732	  640900	  419062	3	
H/N S105	140	7.273	107.719	  180200	  790818		
H/N S165	23	7.938	113.583	  605700	  774364	11	
H/N S172	51	8.286	113.735	  570800	  706491		
H/N S187	94	7.562	111.302	  889500	  827839	10	
H/N S196	2	8.646	120.577	   26080	  368157	3	
H/N S216	107	8.035	116.664	  438600	  586098	11	
H/N S218	25	8.365	116.013	  419500	  396437	3	
H/N S219	213	9.245	117.288	  384100	  634505	11	
H/N S258	59	8.909	116.445	  268300	  351703	10	
H/N S29	134	8.029	117.904	  155400	  212359	11	
H/N S43	103	8.426	115.247	  518500	  675640	11	
H/N S48	7	8.422	119.893	  226000	  554102		
H/N S50	122	8.323	122.874	  449400	  564283	11	
H/N S56	132	9.931	126.405	  496700	  601368	11	
H/N S73	77	8.780	115.790	  463900	  936593	3	
H/N S99	14	8.346	111.832	  365100	  334221	11	
H/N T108	139	7.302	109.240	  436000	  492293	10	
H/N T125	214	8.135	117.193	  389200	  411863	11	
H/N T168	160	6.529	98.596	  646800	  841208	11	
H/N T176	19	8.048	114.892	  507600	  783619	11	
H/N T192	210	9.624	115.090	  494400	  474114	11	
H/N T199	192	6.934	108.239	    7781	  538105		
H/N T207	208	8.382	124.976	  259200	  306138	11	
H/N T35	182	10.234	122.273	  427300	  468297	10	
H/N T37	67	7.564	108.352	  473400	  543195	11	
H/N T55	95	9.352	120.630	  255600	  316319	11	
H/N T87	131	8.444	116.637	  464600	  765108	11	
H/N V109	4	7.575	118.531	  390800	  495929	10	
H/N V121	44	9.146	126.513	   22300	  381526		
H/N V134	165	7.346	108.033	  -24780	  903143		
H/N V142	126	7.152	124.148	  205700	  617366	10	
H/N V149	168	8.385	121.427	  655400	  327022	3	
H/N V159	166	6.972	113.169	  453800	  505382	10	
H/N V160	73	7.232	114.444	  312700	  669470	11	
H/N V162	123	7.082	113.932	  518500	  677697	11	
H/N V206	188	7.230	118.968	  432900	  434487	11	
H/N V210	155	9.665	128.449	  487200	  440657	11	
H/N V217	101	8.486	115.825	  421100	  509745	11	
H/N V222	170	7.310	114.806	   37450	  632637		
H/N V241	79	6.672	114.904	  457400	  490112	11	
H/N V31	11	6.234	106.945	  196700	  336278	11	
H/N V49	58	8.347	127.547	  455900	  635534	11	
H/N V68	119	8.601	121.815	   10200	  343476		
H/N V78	204	8.343	115.831	  463000	  771279	3	
H/N W123	138	9.013	119.251	  193600	  421633		
H/N W191	33	9.491	117.157	  350200	  319824	11	
H/N W208	48	8.199	129.379	  341400	  402094	11	
H/N W244	27	6.414	114.141	  256900	  683867	11	
H/N W97	88	9.470	119.172	    5295	  495929		
H/N Y114	167	8.123	121.376	  343500	  373813	11	
H/N Y127	193	7.556	115.509	  562800	  607186	11	
H/N Y190	110	8.688	119.111	  309800	  632637	11	
H/N Y193	84	7.999	125.631	  493700	  449390	11	
H/N Y40	179	8.642	126.661	  139900	  500292		
H/N Y51	21	8.940	125.272	  -22530	  218015	3	
H/N Y7	136	8.669	120.424	   16720	  338849	3	
H/N Y88	172	8.408	126.025	  308000	  377413	11	
