H/N A115     142     7.599     121.212      1066000       889541          
H/N A116     42     8.130     112.056      1438000      1499365          
H/N A133     169     7.983     124.616      1252000      1214371          
H/N A141     228     8.870     123.512       878200       839151     3     
H/N A152     75     8.319     121.650      1553000      1538443     3     
H/N A173     86     8.961     123.039       984800       924958     3     
H/N A23     81     8.577     123.050       936600       735286     4     
H/N A247     46     7.928     120.827        89470      2554474     3     
H/N A257     200     8.412     123.568      1099000       897326          
H/N A38     198     7.476     127.308      1761000      1826646          
H/N A54     103     7.383     120.333      1629000      1729720          
H/N A77     29     8.243     123.638       851400      1076209     3     
H/N C205     19     7.603     114.509       927900       763052          
H/N D101     16     8.851     121.536      1481000       997675          
H/N D110     153     9.688     132.392       741500       661243          
H/N D129     262     7.435     116.290      1654000      2152418          
H/N D138     253     7.895     115.123      1396000      1351280          
H/N D161     206     8.367     117.583      1355000      1390358          
H/N D164     205     8.167     115.953      1544000      1893546     3     
H/N D174     112     8.566     122.021      1660000      1674188          
H/N D179     37     7.938     128.327       981700       952590          
H/N D189     22     7.342     121.794      1491000      1474684          
H/N D242     48     7.173     115.039        40400      1061666          
H/N D32     134     8.291     118.172      1513000      1612486     3     
H/N D34     123     7.446     128.222      1089000      1042759          
H/N D41     197     7.661     128.719       923500       906052          
H/N D52     82     8.802     120.703      1178000      2123331          
H/N D71     166     8.394     117.036       763000       672555          
H/N D72     83     8.938     131.621      1060000       987494          
H/N E106     227     8.325     119.225       435800       423689     3     
H/N E117     141     9.398     121.306       854900       980223          
H/N E186     119     8.122     116.463      -511300      1484968     3     
H/N E204     34     8.713     124.517       727100       678725          
H/N E213     152     8.862     121.816      1093000      1089298          
H/N E220     214     8.310     118.182       215600       709576     3     
H/N E233     158     8.294     121.824      1465000      1301918          
H/N E235     247     7.321     120.008      1586000      1577521          
H/N E237     26     8.198     123.238       936600      1378017     3     
H/N E238     257     8.998     129.927       670500       671527          
H/N E26     93     9.329     118.026       978800      1144563          
H/N E69     53     8.427     124.127       857700       527924     3     
H/N F130     13     7.467     119.917       946800       882343          
H/N F146     8     10.078     128.954       541000       506837          
H/N F175     64     7.966     125.331       875100       763052          
H/N F178     243     8.229     119.035      1239000      1404755          
H/N F225     100     7.112     118.871      1471000      1659791          
H/N F230     63     8.836     117.174       651200       653016          
H/N F259     91     6.649     118.044      1216000      1359507          
H/N F66     38     7.181     110.213       772300       684895          
H/N F70     140     8.587     119.162       930800       743513          
H/N F93     146     8.531     113.319       900200       983132          
H/N F95     270     9.112     116.862       447300       527197     4     
H/N G102     161     7.584     103.391      1279000      1468514          
H/N G104     27     8.237     106.742       739400       897326          
H/N G128     172     7.803     107.155       911900      1182376          
H/N G131     204     8.028     103.709      1139000      1322485          
H/N G139     6     7.874     107.634       901700      1034033          
H/N G144     54     9.861     113.625       666400       684895          
H/N G150     61     9.070     117.904      1187000      1127111          
H/N G170     268     8.981     117.169       631900       644789     4     
H/N G182     118     7.290     102.928      1049000      1127111          
H/N G195     241     9.378     110.860       895900       971497     4     
H/N G232     232     8.627     104.690       748700       778477          
H/N G234     269     9.026     114.105       614500       202075          
H/N G25     239     8.280     108.813       873100       860747          
H/N G6     266     8.127     109.969       718800       753796          
H/N G63     264     9.676     108.698       703400       897326          
H/N G8     265     8.278     110.872      1239000      1256547          
H/N G81     57     8.953     106.521      1031000      1242003          
H/N G82     210     7.046     108.777        43000       999129          
H/N G86     261     7.830     109.394      2608000      3315468          
H/N G98     240     8.059     107.855       431900       391296          
H/N H107     124     10.707     117.876       531600       510472          
H/N H119     97     8.880     125.712       -11790       593370     4     
H/N H122     98     8.480     124.045       697200      1196919          
H/N H94     173     8.159     113.298       945300       897326          
H/N H96     273     8.681     115.577       637500      1756458     4     
H/N I145     55     9.212     124.498       691100       664328          
H/N I166     60     7.399     116.458      1115000      1026762          
H/N I209     72     8.790     127.440       791800       741456          
H/N I215     11     8.887     113.219       909000       744541          
H/N I255     209     8.870     124.377      1046000      1144563          
H/N I33     102     8.699     128.408       801100       700321          
H/N I59     226     8.999     122.293       856600       726030          
H/N I91     260     8.925     123.437       251600       537378     3     
H/N K111     175     9.852     109.928       765100       805215          
H/N K112     199     8.208     124.672       131800      1299861          
H/N K113     256     7.925     122.631       954000       837094          
H/N K126     111     7.912     122.871      1617000      1715323          
H/N K132     74     7.645     119.510      1181000      1250729          
H/N K148     104     8.939     119.556       958400       768194          
H/N K153     259     8.666     124.589       832500       801101          
H/N K158     62     8.622     115.717      1963000      1565181          
H/N K167     237     7.377     117.507      1249000      1334826          
H/N K169     138     7.437     120.454       695200       632637          
H/N K171     182     7.780     120.218      1307000      1630997     3     
H/N K212     52     7.322     122.169       657100       530106          
H/N K224     80     6.930     115.326      1325000      1260910          
H/N K227     190     6.857     114.042      1169000      1060211          
H/N K24     144     7.245     115.068       754800      1031125          
H/N K251     89     8.803     114.701       968600       994766          
H/N K256     92     8.730     126.562       812400       746598          
H/N K260     85     7.691     124.325      1335000      1902272          
H/N K39     21     8.168     122.869      1711000      1690642          
H/N K45     51     7.472     122.950      1200000      1147472          
H/N K76     25     7.914     123.844      1129000       988949          
H/N K80     220     8.371     120.914      1120000       978768     4     
H/N L100     99     7.420     119.315      1567000      1259455          
H/N L118     238     9.851     130.436       485000       445285          
H/N L120     76     8.993     124.058       672800       637590     3     
H/N L140     263     8.780     115.601       571600       625365     4     
H/N L143     229     8.377     127.474       731200       622456          
H/N L147     43     8.216     120.446       828900       654044          
H/N L156     203     7.488     116.878      1168000      1003492          
H/N L163     185     7.068     121.627      1024000       906052          
H/N L183     3     7.226     117.461      1008000       961316          
H/N L184     180     6.599     113.004      1495000      1538443          
H/N L188     163     8.588     125.593      1049000       814470          
H/N L202     39     9.172     120.520       653000       560647          
H/N L203     116     5.957     110.907       727100       618820          
H/N L211     165     9.038     126.985       811400       780534          
H/N L223     106     7.992     120.759       102700      1121294          
H/N L228     219     7.094     119.293      1222000      1361563          
H/N L239     236     8.668     125.865      1134000      1173650          
H/N L250     188     8.628     125.723      1051000      1064574          
H/N L44     201     6.980     123.188      1229000      1373904          
H/N L47     167     8.904     125.594      1021000      1265273          
H/N L57     33     8.920     117.812       604200       522834          
H/N L60     113     8.712     123.881       769700       676668          
H/N L79     230     8.959     123.474       939600       894683     3     
H/N L84     73     7.765     120.279      1210000          3     
H/N L90     156     8.443     124.166       703300       709576          
H/N M240     231     8.658     123.079      1065000      1130020          
H/N N124     176     9.041     119.671       669500       535923          
H/N N177     50     9.656     115.578       832800       762023          
H/N N229     40     8.873     118.382       779500       705463          
H/N N231     130     8.125     110.531       922000       897326          
H/N N243     132     8.351     119.360      1034000      1223097          
H/N N61     249     8.379     121.393       851600      1243458     4     
H/N N62     271     7.996     123.039       880300       819612          
H/N N67     267     8.945     120.995       711600       694151          
H/N Q103     193     7.794     114.913      1747000      1951719          
H/N Q135     252     6.545     113.785      1236000      1343053          
H/N Q136     244     7.548     118.416      1312000      1474684          
H/N Q157     195     7.818     122.360      1177000      1259455          
H/N Q221     235     7.494     117.955      1151000      1022399          
H/N Q248     157     8.709     122.005       683900       877201     3     
H/N Q254     164     8.472     118.321      1220000      1132928          
H/N Q28     109     7.712     115.587       930800      1023853          
H/N Q53     47     8.071     114.278      1619000      1295748          
H/N Q74     122     7.670     117.787      1809000      1887729          
H/N Q92     234     7.308     115.303       955500       906052          
H/N R181     215     8.383     118.727      1639000      1437663     3     
H/N R226     35     6.687     109.071       927900       881314          
H/N R245     183     10.556     127.194       349100       389239          
H/N R253     70     7.283     118.468      1586000      1661848          
H/N R27     186     8.663     120.613      1047000       541013          
H/N R58     274     7.184     114.651           1023853     4     
H/N R89     194     8.588     122.608       821700       760995          
H/N S105     36     7.285     107.833      1327000      1487025          
H/N S151     121     8.274     124.340        66990       913323          
H/N S165     71     7.978     113.631      1617000      1548727          
H/N S172     135     8.294     113.558      1483000      1259455          
H/N S187     7     7.623     111.391      2051000      1983715          
H/N S196     9     8.590     119.883       914800       670498          
H/N S216     117     8.049     116.406      1298000      1243458          
H/N S218     30     8.352     115.971       785600       454480     3     
H/N S219     154     9.251     117.339      1304000      1343053          
H/N S258     233     8.928     116.338       725000       721917          
H/N S29     177     8.154     118.478       582500       508291          
H/N S43     148     8.479     115.278      1442000      1347166          
H/N S48     44     8.436     119.684      1158000       938047          
H/N S50     150     8.369     122.540      1343000      1111113          
H/N S56     2     9.945     126.535       771300      1035488          
H/N S73     147     8.803     116.589      1981000      1212917          
H/N S99     137     8.392     112.122       778500       637590          
H/N T108     95     7.339     109.035       981700      1006401          
H/N T125     168     8.139     117.192       962800       907506          
H/N T168     59     6.562     98.672      1347000      1454117          
H/N T176     225     8.060     114.851      1582000      1536386          
H/N T192     254     9.646     115.078       933500       990403          
H/N T199     202     6.977     108.499       240700      1380074          
H/N T207     49     8.412     125.037       808300       665356          
H/N T35     87     10.269     122.218       900200       769222          
H/N T37     272     7.623     109.026      1360000      1234732     4     
H/N T55     221     9.406     120.843       625900       458116          
H/N T87     160     8.427     116.133      1485000      1977897          
H/N V109     10     7.621     118.504      1187000       946773          
H/N V121     217     9.072     126.503       740400       722945          
H/N V134     66     7.386     108.411      1360000      1544613          
H/N V142     125     7.200     124.875       952600       908960          
H/N V149     129     8.409     121.486      1478000       759966     4     
H/N V159     216     7.025     113.504      1115000      1057303          
H/N V160     189     7.263     114.466      1089000      1275180          
H/N V162     223     7.121     113.838      1489000      1466457          
H/N V206     248     7.177     119.308      1165000       999129          
H/N V210     84     9.647     128.371       763100       705463          
H/N V217     191     8.471     115.856      1146000       893655          
H/N V222     149     7.380     114.552      1526000       873087          
H/N V241     110     6.687     115.091      1030000      1045668          
H/N V31     128     6.289     106.749       709600       709576          
H/N V49     155     8.330     127.411      1190000      1151834          
H/N V68     275     8.696     122.100            798016     3     
H/N V78     41     8.335     116.045       665600          3     
H/N W123     184     9.035     119.050      1034000       877201          
H/N W191     208     9.554     117.326       732200       641704          
H/N W208     23     8.172     129.713       844300       738371          
H/N W244     79     6.428     114.157      1417000      1735890          
H/N W97     139     9.516     119.101      1217000      1369790          
H/N Y114     105     8.129     121.051       717800       601368          
H/N Y127     245     7.604     115.619      1265000      1259455          
H/N Y190     133     8.689     118.922      1555000       705463          
H/N Y193     207     8.095     125.749      1003000      1029670          
H/N Y40     114     8.650     126.816      1115000      1084935          
H/N Y51     108     8.961     124.495        71340       377927          
H/N Y88     18     8.484     126.144       789800       607186          
