H/N	A115	142	7.865	121.22	58170	515563	10
H/N	A116	42	8.715	112.677	65720	501746	10
H/N	A133	169	8.004	124.602	216000	831952	10
H/N	A152	75	8.383	121.204	477400	1134382	11
H/N	A173	86	8.887	123.291	311800	729115	11
H/N	A247	46	7.758	120.059	122000	251601	13
H/N	A257	200	8.307	123.626	381500	1179467	10
H/N	A38	198	7.426	127.505	465400	1084935	10
H/N	A54	103	7.297	120.106	316100	1412982	10
H/N	A77	29	8.108	123.382	75140	842236	13
H/N	C205	19	7.167	114.686	43510	466115	13
H/N	D101	16	8.779	121.218	133500	1127111	10
H/N	D110	153	9.714	132.362	262100	486476	10
H/N	D129	262	7.394	116.166	332500	1243458	10
H/N	D138	253	7.723	114.74	41040	771279	11
H/N	D161	206	8.284	117.36	37800	842236	11
H/N	D164	205	8.071	116.082	182400	1253638	11
H/N	D174	112	8.512	121.928	565600	1419152	11
H/N	D179	37	7.92	128.007	282100	591915	10
H/N	D189	22	7.444	121.99	121800	945319	10
H/N	D32	134	8.135	118.06	-60700	345533	21
H/N	D34	123	7.463	128.204	122700	672555	10
H/N	D41	197	7.669	128.876	387200	678725	10
H/N	D52	82	8.849	120.534	358000	831952	11
H/N	D71	166	8.269	116.904	206400	824754	13
H/N	D72	83	8.855	131.595	377400	626092	10
H/N	E186	119	8.254	116.619	55600	1437663	11
H/N	E204	34	8.776	124.831	45050	371242	14
H/N	E213	152	9.067	121.841	89430	613003	10
H/N	E233	158	8.3	121.269	454700	968588	11
H/N	E235	247	7.249	119.93	312900	1012218	10
H/N	E237	26	8.127	123.232	90880	859718	13
H/N	E238	257	8.86	129.905	199200	497383	10
H/N	E26	93	9.263	117.578	56900	618820	10
H/N	E69	53	8.272	123.67	80330	275234	21
H/N	F130	13	7.46	119.61	166900	583189	10
H/N	F175	64	7.867	125.2	273400	582462	10
H/N	F178	243	8.143	118.783	313100	747626	10
H/N	F225	100	6.958	118.618	97570	790818	11
H/N	F230	63	8.621	116.961	17020	382554	10
H/N	F259	91	6.609	117.949	399000	769222	10
H/N	F70	140	8.385	118.471	275200	1183830	11
H/N	G102	161	7.656	102.809	362000	779506	10
H/N	G104	27	8.266	106.345	73440	302139	10
H/N	G128	172	7.72	107.302	280000	795960	10
H/N	G131	204	8.077	103.931	184900	700321	10
H/N	G150	61	9.189	118.288	112900	709576	10
H/N	G170	268	8.787	116.87	208500	321880	10
H/N	G182	118	7.271	102.675	287200	621002	10
H/N	G232	232	8.58	104.743	239200	425746	10
H/N	G234	269	8.982	114.07	290500	605004	10
H/N	G25	239	8.242	108.783	220300	538105	10
H/N	G63	264	9.515	108.693	152000	237421	11
H/N	G8	265	8.14	110.784	48530	248692	10
H/N	G81	57	8.861	106.332	338800	743513	10
H/N	G82	210	6.96	108.615	31350	636562	21
H/N	G86	261	7.724	109.396	164000	1663904	10
H/N	I166	60	7.231	116.268	112800	771279	11
H/N	I209	72	8.277	126.817	27320	296322	13
H/N	I215	11	9.325	113.719	48850	486476	10
H/N	I255	209	8.79	124.379	343500	734257	10
H/N	I33	102	8.712	128.509	116200	334221	10
H/N	I59	226	8.882	121.947	179200	545376	10
H/N	K111	175	9.845	109.804	158000	501019	10
H/N	K112	199	8.279	124.631	44330	844293	10
H/N	K113	256	8.025	122.158	163000	643760	10
H/N	K126	111	7.796	122.812	266100	1138746	10
H/N	K132	74	7.721	119.883	174800	981677	13
H/N	K148	104	9.269	119.589	57780	479204	10
H/N	K153	259	8.756	124.033	117200	396952	11
H/N	K158	62	8.609	115.419	601400	888513	11
H/N	K167	237	7.243	117.327	73080	787732	11
H/N	K169	138	7.339	120.348	26290	341934	11
H/N	K171	182	7.685	120.086	190700	793903	11
H/N	K212	52	7.515	122.567	39780	406207	10
H/N	K224	80	6.802	115.003	71890	789789	11
H/N	K227	190	6.588	114.05	47500	675640	13
H/N	K24	144	7.192	114.486	54750	767165	11
H/N	K251	89	8.734	114.453	128700	658158	10
H/N	K256	92	8.652	126.289	160300	410835	13
H/N	K260	85	7.717	124.434	308700	860747	10
H/N	K39	21	8.06	122.714	381000	1038396	10
H/N	K45	51	7.434	123.013	84070	760995	23
H/N	K76	25	7.818	124.121	193300	817555	10
H/N	K80	220	8.21	120.461	56540	772307	10
H/N	L100	99	7.221	118.943	55790	907506	10
H/N	L147	43	9.089	121.094	51030	225786	11
H/N	L156	203	7.559	116.787	270400	514835	10
H/N	L163	185	6.903	121.554	78440	681810	10
H/N	L183	3	7.282	117.39	93330	646846	11
H/N	L184	180	6.709	113.336	87540	745569	11
H/N	L188	163	8.664	125.697	176300	749683	10
H/N	L223	106	7.956	120.847	100400	968588	11
H/N	L228	219	6.826	119.061	98600	744541	11
H/N	L239	236	8.54	125.728	60970	1054394	13
H/N	L250	188	8.528	125.906	324600	882343	13
H/N	L44	201	6.926	123.049	384600	920595	10
H/N	L47	167	8.899	125.905	370700	722945	10
H/N	L57	33	8.762	117.492	144800	392324	10
H/N	L60	113	8.423	123.488	67100	478477	11
H/N	L79	230	8.808	123.322	159100	570827	23
H/N	L84	73	7.592	120.119	190700	830924	11
H/N	N124	176	8.775	119.522	42800	385125	10
H/N	N177	50	9.61	115.379	217900	583916	10
H/N	N229	40	8.652	118.215	162500	476295	10
H/N	N231	130	7.962	110.464	84970	623184	10
H/N	N61	249	8.261	120.856	-101200	462479	13
H/N	N62	271	7.743	123.069	113300	280324	21
H/N	Q103	193	7.86	115.033	268400	977314	10
H/N	Q135	252	6.638	113.98	173000	712661	11
H/N	Q136	244	7.478	118.241	88130	844293	10
H/N	Q157	195	7.762	122.35	411300	716775	10
H/N	Q221	235	7.507	117.987	360500	736314	10
H/N	Q248	157	8.418	121.634	30690	109908	13
H/N	Q254	164	8.438	118.187	43450	821669	10
H/N	Q28	109	7.47	115.126	43380	309774	13
H/N	Q53	47	7.928	114.343	354200	929321	10
H/N	Q74	122	7.557	117.588	302900	1131474	10
H/N	R226	35	6.497	108.867	121100	482840	11
H/N	R253	70	7.149	118.395	100600	938047	10
H/N	R27	186	8.693	120.635	361500	760995	11
H/N	R89	194	8.337	122.644	42660	796988	10
H/N	S105	36	7.648	108.149	145800	498110	10
H/N	S151	121	8.383	124.598	310400	787732	10
H/N	S165	71	7.848	113.448	431900	981677	10
H/N	S172	135	8.24	113.692	470500	850463	10
H/N	S187	7	7.677	111.379	126500	1092207	10
H/N	S216	117	8.241	116.856	100000	904597	13
H/N	S218	30	8.473	115.613	284000	661243	13
H/N	S219	154	9.302	117.357	457700	895871	10
H/N	S258	233	8.911	116.454	216700	571554	10
H/N	S43	148	8.399	115.176	403600	913323	10
H/N	S48	44	8.357	119.822	86380	815499	10
H/N	S50	150	8.245	122.753	154700	842236	10
H/N	S56	2	9.863	126.353	333700	603550	10
H/N	S73	147	8.77	115.795	35670	908960	11
H/N	S99	137	8.188	111.682	47630	458843	21
H/N	T108	95	7.412	109.424	60450	372271	14
H/N	T125	168	8.013	117.061	55020	697236	10
H/N	T168	59	6.415	98.428	405700	776420	10
H/N	T176	225	7.994	114.827	388200	1023853	10
H/N	T192	254	9.561	115.02	251500	679754	10
H/N	T207	49	7.563	123.901	52190	297776	11
H/N	T35	87	10.276	122.221	268000	543922	10
H/N	T37	272	7.593	108.718	183600	853548	10
H/N	T55	221	9.272	120.548	212500	407235	10
H/N	T87	160	8.34	116.568	86890	1025307	10
H/N	V109	10	7.746	118.668	69350	590461	10
H/N	V134	66	7.401	108.065	172100	771279	10
H/N	V149	129	8.563	121.477	188100	333193	13
H/N	V160	189	7.139	114.579	284600	161712	13
H/N	V162	223	7.003	113.818	82900	987494	10
H/N	V210	84	9.671	128.464	258500	467569	11
H/N	V217	191	8.681	115.976	79410	608640	10
H/N	V222	149	7.354	114.748	169100	826811	11
H/N	V241	110	6.309	114.467	182800	436030	11
H/N	V49	155	8.317	127.504	295200	809328	10
H/N	V78	41	8.234	115.682	-6488	628274	23
H/N	W123	184	8.723	118.891	60170	1052940	11
H/N	W191	208	9.565	117.208	186100	476295	10
H/N	Y114	105	8.584	121.547	55920	801101	13
H/N	Y127	245	7.489	115.403	169700	1205645	10
H/N	Y190	133	8.736	119.13	176400	464661	14
H/N	Y193	207	7.75	125.412	268300	586825	10
H/N	Y40	114	8.644	126.659	378300	1032579	13
H/N	Y51	108	8.909	124.845	160400	580281	21
H/N	Y88	18	8.247	125.89	219600	557738	10
