H/N A133	95	8.018	121.348	 2400435	 2961708	2	
H/N A137	15	8.002	123.554	 2891779	 2891779		
H/N A157	82	7.931	127.101	  712661	  712661		
H/N A164	132	9.095	125.869	 2091336	 2091336		
H/N A167	129	9.157	134.288	  -13818	  -13818	4	
H/N A173	116	7.914	123.322	 2026736	 2027345		
H/N A182	61	7.394	114.506	 2094244	 2094244		
H/N A184	83	7.916	119.844	  865295	 1589862	1	
H/N A195	131	8.591	119.766	 1606316	 1606316		
H/N A216	31	9.377	124.136	 1684472	 1684472		
H/N A234	74	8.132	123.642	 2924687	 2924687		
H/N A252	51	8.769	123.546	  -72807	  -72807	4	
H/N D124	105	8.780	121.885	 1855652	 1855733		
H/N D129	152	7.421	119.888	 2408381	 2408381		
H/N D131	73	8.335	118.396	 1779443	 2303669		
H/N D158	29	7.996	121.388	 1050478	 2408381	1	
H/N D171	120	8.000	121.489	 1200266	 2408381	1	
H/N D175	117	8.237	116.331	 1427379	 1427379		
H/N D194	27	8.270	122.537	 2570927	 2570927		
H/N D198	76	8.012	121.161	  373574	 1242003	2	
H/N D200	89	8.126	122.573	  891333	 1526103	1	
H/N D231	119	8.890	126.676	 1655678	 1655678		
H/N D244	69	7.801	118.973	 2504361	 2504367		
H/N D253	158	8.206	117.658	  -10685	  -10685	4	
H/N D254	41	7.397	118.762	 2193139	 2193139		
H/N E128	63	9.080	116.164	 2784828	 2784828		
H/N E199	134	8.034	120.532	 1881911	 1881911		
H/N E201	49	9.394	130.651	  840180	  840180		
H/N E219	148	8.827	115.690	 1686529	 1686529		
H/N F138	122	7.728	114.340	 2760121	 2760148		
H/N F149	99	8.174	119.510	 2159607	 2236769		
H/N F163	137	8.372	125.671	 1080560	 1080572		
H/N F174	142	7.932	119.981	 2901973	 3118021		
H/N F185	124	11.914	131.209	   15771	   15771	4	
H/N F197	52	9.126	122.751	 1231823	 1231823		
H/N F202	56	9.017	119.326	 2126240	 2126240		
H/N F213	39	9.187	120.263	 1977897	 1977897		
H/N F237	109	8.054	128.361	 2073884	 2073884		
H/N F248	4	7.183	123.270	 2417107	 2417107		
H/N G155	72	8.268	109.854	  726491	  769222		
H/N G166	92	9.454	108.157	  554830	  554830		
H/N G176	127	8.795	110.141	 1330712	 1330712		
H/N G178	141	10.757	121.240	 1404755	 1404755		
H/N G179	6	8.438	110.730	  527197	  527197		
H/N G186	34	8.162	105.370	  952590	  952590		
H/N G188	28	5.649	106.818	 1090752	 1090752		
H/N G190	103	8.911	112.353	  -26930	  -26930	4	
H/N G192	81	7.594	106.101	 2047706	 2047706		
H/N G193	160	7.812	119.584	  773314	  773335		
H/N G208	145	9.506	115.308	   -5085	   -5085	4	
H/N G209	10	7.850	108.106	  997675	  997675		
H/N G221	14	7.515	108.177	 1841190	 1841190		
H/N G225	26	8.131	106.698	 1233277	 1233277		
H/N G227	159	8.219	109.800	  227248	  227604	3	
H/N G257	22	8.250	106.809	 1832464	 1832464		
H/N G263	35	8.268	110.154	  650658	  698264		
H/N H168	57	9.341	121.908	  661120	  949682	1	
H/N H172	64	7.490	120.140	 2492732	 2492732	2	
H/N H183	96	9.239	116.779	 2018619	 2018619		
H/N H196	58	9.344	121.790	  452737	  874116	1	
H/N H206	50	7.530	120.992	 2373477	 2373477	2	
H/N H218	59	6.982	118.103	 2193139	 2193139		
H/N H222	80	7.109	119.654	 2653197	 2653197		
H/N H228	156	8.367	115.660	  149615	  149615	3	
H/N I114	90	8.242	128.506	 1390358	 1390358		
H/N I118	118	9.121	127.212	 1534330	 1534330		
H/N I134	33	8.021	113.928	 2172778	 2172778		
H/N I152	166	8.703	123.781	 1466236	 1466457		
H/N I159	32	8.832	124.247	  792874	  792874		
H/N I180	36	10.610	129.708	  911869	  911869		
H/N I191	138	8.937	133.895	  -12276	  -12276	4	
H/N I220	60	8.947	117.967	 1612485	 1612486		
H/N I245	18	7.734	124.614	 1503468	 1503478		
H/N I255	143	7.903	118.865	 1612486	 1612486		
H/N I258	47	8.606	123.552	 1893736	 2137874		
H/N K136	163	8.498	119.117	 1322914	 2428742	1	
H/N K148	113	8.135	122.467	 1155922	 1645394	1	
H/N K151	101	8.084	127.702	 1526102	 1526103		
H/N K177	155	8.683	124.251	  638111	  638619		
H/N K233	115	8.174	116.696	 1919724	 1919724		
H/N K241	112	7.884	129.820	 1733834	 1733834		
H/N L147	144	7.188	110.538	 1803377	 1803377		
H/N L160	67	7.586	130.043	  970042	  970042		
H/N L181	153	8.443	128.162	  709576	  709576		
H/N L212	88	8.552	131.742	 1020944	 1020944		
H/N L214	139	8.849	118.310	 1589815	 1620713		
H/N L224	11	7.671	114.219	 1340942	 1340996		
H/N L226	147	8.371	120.930	 1039851	 1039851		
H/N L250	146	8.089	121.052	 1573408	 1573408		
H/N L261	108	6.915	119.072	 1835372	 1835372		
H/N M125	123	6.893	113.346	 2498549	 2498550		
H/N M156	111	8.174	119.263	  489445	  829896	2	
H/N M236	75	7.619	115.445	 1550784	 1550784		
H/N N119	55	9.640	128.634	  996220	  996220		
H/N N120	164	7.755	113.107	 2204774	 2204774		
H/N N126	19	8.845	118.715	 1224204	 1234732		
H/N N143	7	7.914	115.325	 2697289	 2850644	1	
H/N N153	149	8.762	119.924	  164978	  245783	2	
H/N N211	100	8.489	125.394	 1050031	 1050031		
H/N N246	94	8.490	118.406	  655072	  655073		
H/N Q139	16	8.040	119.035	 2788942	 2788942		
H/N Q259	87	8.628	123.462	 1468323	 1783196		
H/N R110	125	7.488	115.891	 2286217	 2286217		
H/N R117	48	8.354	119.069	 1579385	 1579578		
H/N R127	70	8.931	126.110	   27284	   27285	4	
H/N R135	68	8.229	119.853	 2225131	 2225134		
H/N R165	102	8.762	118.186	 1998258	 1998258		
H/N R249	162	7.110	126.152	 2813623	 2813623		
H/N R256	91	8.505	119.220	 1783659	 2603835	1	
H/N S142	130	9.030	118.516	 2146600	 2146600		
H/N S150	86	8.037	116.685	 1969171	 1969171		
H/N S189	53	8.332	114.461	   13594	   13594	4	
H/N S207	136	7.481	123.669	  276324	  276324		
H/N S223	65	8.760	122.411	 1266835	 1266953		
H/N S229	1	6.843	114.260	 1212917	 1212917		
H/N S230	9	8.779	119.904	  206228	  270871	3	
H/N S251	45	8.884	118.214	 1518688	 1542557		
H/N S260	38	7.886	115.504	 2162301	 2245495		
H/N T115	43	9.164	117.340	 1548727	 1548727		
H/N T122	126	8.069	115.768	 5939870	 5939870		
H/N T145	78	7.414	110.351	 2846531	 2846531		
H/N T154	165	7.409	111.730	    2811	    2905	4	
H/N T204	8	8.364	126.279	 1083469	 1083481		
H/N T205	42	7.922	122.828	 1210442	 1211462		
H/N T210	23	9.133	125.138	 2073884	 2073884		
H/N T215	106	7.341	112.543	 2018619	 2018619		
H/N T239	151	7.673	116.466	 2612062	 2612062		
H/N T247	161	7.543	109.321	 1940085	 1940085		
H/N V130	84	7.712	124.023	 1896446	 1896455		
H/N V140	93	7.598	117.328	 2764261	 2764261		
H/N V144	25	7.114	106.476	 1945902	 1945902		
H/N V161	12	8.726	125.390	 1326599	 1326599		
H/N V162	66	8.789	127.004	 1256547	 1256547		
H/N V217	133	8.349	118.525	 1624568	 2198956		
H/N V235	24	11.470	131.323	  697236	  697236		
H/N V243	17	5.745	124.274	 1969171	 1969171		
H/N W141	157	6.698	116.881	 2428742	 2428742		
H/N W203	2	7.355	116.836	 2198956	 2198956		
H/N Y113	77	6.898	120.040	 2056432	 2056432		
H/N Y116	128	8.579	117.405	 1806286	 1806286		
H/N Y121	150	8.558	115.060	 1618656	 1618656		
H/N Y132	85	8.104	119.730	 2653197	 2653197		
H/N Y240	62	9.047	127.897	  605731	  605731		
H/N Y242	46	8.513	124.045	 1624826	 1624826		
H/N Y262	71	8.167	109.547	 1721488	 1721493		
HD21/ND2 N119	107	7.412	112.166	   30533	   30542		
HD21/ND2 N120	98	6.998	115.180	   27261	   28269		
HD21/ND2 N126	30	7.601	113.842	  113075	  113075		
HD21/ND2 N143	135	7.555	111.750	   12807	   12807		
HD21/ND2 N153	110	7.852	110.096	   30905	   30905		
HD21/ND2 N211	37	7.935	111.060	  -47433	  -47433		
HD21/ND2 N246	104	7.534	114.802	   33950	   33950		
HD22/ND2 N119	20	6.795	112.166	   32405	   32405		
HD22/ND2 N120	5	7.934	115.180	  589202	  986040		
HD22/ND2 N126	97	6.926	113.842	   48996	   49041		
HD22/ND2 N143	40	6.943	111.750	   46984	   46984		
HD22/ND2 N153	21	6.644	110.096	   54569	   54569		
HD22/ND2 N211	114	6.312	111.060	   25871	   25871		
HD22/ND2 N246	13	7.005	114.802	   89289	   89597		
HE1/NE1 W109	140	9.319	125.618	  289413	  289413		
HE1/NE1 W141	3	9.993	128.172	 1375960	 1375960		
HE1/NE1 W203	79	10.152	127.260	 1016581	 1016581		
HE21/NE2 Q139	44	7.563	112.721	   53283	   53283		
HE21/NE2 Q259	154	8.293	117.740	   -6772	   -6772		
HE22/NE2 Q139	121	6.935	112.721	   15294	   15294		
HE22/NE2 Q259	54	7.686	117.740	   53669	   53669		
