H/N A133	169	8.024	121.538	  858849	 1487025	1	
H/N A137	78	7.998	123.755	 1025294	 1025307		
H/N A157	132	7.913	127.238	  813442	  813442		
H/N A164	138	9.076	126.109	  719860	  719860		
H/N A167	148	9.152	134.171	  194877	  194877		
H/N A173	10	7.973	124.498	  693122	  693122		
H/N A182	163	7.644	115.504	  942410	  942410		
H/N A184	99	8.259	121.440	  617218	  617366	1	
H/N A195	125	8.448	119.577	  550931	  551194		
H/N A216	38	9.246	123.469	  765108	  765108		
H/N A234	149	7.935	123.850	  873072	  873087		
H/N A252	33	8.757	123.559	  520230	  522107		
H/N D124	77	8.842	121.966	  634505	  634505		
H/N D129	107	7.430	119.891	 1018036	 1018036		
H/N D131	27	8.336	118.329	  860747	  860747		
H/N D158	142	8.020	121.439	  858849	 1487025	1	
H/N D171	51	8.134	123.773	   95767	   95768	2	
H/N D175	105	8.223	116.776	  666385	  666385		
H/N D194	30	8.230	122.387	  924958	  924958		
H/N D198	62	8.079	123.234	  571509	  571554		
H/N D200	166	9.054	119.547	  663300	  663300		
H/N D231	23	9.006	127.383	  627546	  627546		
H/N D244	29	7.794	118.965	 1015127	 1015127		
H/N D253	43	8.201	117.814	  733229	  733229		
H/N D254	140	7.502	119.369	  895871	  895871		
H/N E128	37	9.072	116.196	 1050031	 1050031		
H/N E199	156	9.376	130.411	  389239	  389239		
H/N E201	73	7.396	116.882	  908960	  908960		
H/N E219	155	8.876	115.149	  601368	  601368		
H/N F138	91	7.703	114.281	  783219	 1293691	1	
H/N F149	75	8.188	119.545	  700950	 1616599	1	
H/N F163	109	8.537	125.563	  442714	  442714		
H/N F174	18	7.974	120.606	  484694	  752768	1	
H/N F185	114	7.830	119.942	  363802	  575918	1	
H/N F197	36	9.081	122.569	  423174	  423175		
H/N F202	143	8.392	126.292	  690037	  690037		
H/N F213	41	9.041	118.009	  686952	  686952		
H/N F237	14	8.215	128.525	  653397	  862804	1	
H/N F248	167	7.228	123.193	 1157652	 1157652		
H/N G155	131	8.232	110.039	  584268	  591188		
H/N G166	31	9.459	108.296	  248328	  248328		
H/N G176	59	8.708	110.185	  487203	  487203		
H/N G178	16	11.389	122.795	  229422	  229422		
H/N G179	133	8.747	112.056	  629728	  629728		
H/N G186	55	8.232	105.369	  629001	  629001		
H/N G188	39	5.661	106.854	  439629	  439629		
H/N G190	173	8.920	112.254	  166082	  166082		
H/N G192	171	7.618	106.211	  772307	  772307		
H/N G193	95	7.843	119.854	  417073	  602096	1	
H/N G208	54	9.398	114.722	  149979	  149979		
H/N G209	176	7.799	108.964	 1003492	 1003492		
H/N G221	104	7.538	107.961	  874116	  874116		
H/N G225	74	8.101	106.750	  529379	  529379		
H/N G227	79	8.096	110.199	  605731	  605731		
H/N G257	32	8.295	107.013	  756881	  756881		
H/N G263	20	8.064	115.770	 2129148	 2129148		
H/N H112	145	8.317	114.510	  243016	  323937	1	
H/N H168	28	9.225	120.542	  145616	  145616		
H/N H172	4	7.446	120.665	  865889	  865889		
H/N H183	177	8.950	110.107	  685924	  685924		
H/N H196	137	9.315	121.833	  509018	  509018		
H/N H206	57	8.024	123.019	  649891	  649931		
H/N H218	61	7.210	118.416	  873087	  873087		
H/N H222	83	7.074	119.719	 1199828	 1199828		
H/N H228	15	8.319	115.136	  878136	  878229		
H/N I114	94	8.232	128.613	  572309	  811385	1	
H/N I118	92	9.127	127.107	  589734	  589734		
H/N I134	35	8.017	113.981	  770250	  770250		
H/N I152	93	8.712	123.573	  488111	  490112		
H/N I159	88	8.867	124.261	  409806	  409806		
H/N I180	119	10.338	130.642	  353246	  353246		
H/N I191	97	8.958	133.783	  176880	  176880		
H/N I220	84	8.969	118.489	  664404	  669470		
H/N I245	82	7.838	124.421	  717803	  717803		
H/N I255	87	7.894	118.970	  642732	  642732		
H/N I258	108	8.584	123.491	  853621	 1034033	1	
H/N K111	144	7.486	115.956	 1622770	 1622770		
H/N K136	165	8.481	119.103	  854074	  855605		
H/N K148	12	8.108	122.394	  880182	  880286		
H/N K151	46	8.087	127.814	  952590	  952590		
H/N K177	1	8.608	124.088	  938046	  939501		
H/N K233	162	8.386	117.683	  799045	  799045		
H/N K241	47	7.725	130.774	   13289	   13289	3	
H/N L147	170	6.875	116.496	  821669	  821669		
H/N L160	112	7.533	130.155	  612276	  612276		
H/N L181	141	9.550	130.134	  176623	  176623		
H/N L212	22	8.458	130.866	  404150	  404150		
H/N L214	175	8.733	118.622	  494361	  499565		
H/N L224	134	7.748	114.427	  599198	  605004	1	
H/N L226	8	8.215	121.188	  171205	  171738	1	
H/N L250	45	7.990	120.716	  754112	  926412		
H/N L261	106	6.912	119.117	  720888	  720888		
H/N M125	174	6.901	113.245	 1107841	 1108204		
H/N M156	56	8.198	119.113	  509458	  513381		
H/N M236	126	7.240	112.255	  666385	  666385		
H/N N119	118	9.673	128.607	  508291	  508291		
H/N N120	130	7.772	113.380	 1016581	 1016581		
H/N N126	110	8.887	118.762	  816464	  816527		
H/N N143	161	7.998	115.311	 1051383	 1051485		
H/N N153	120	8.752	119.316	  174706	  175338	2	
H/N N211	89	8.723	126.645	  392887	  393867		
H/N N246	26	8.509	118.711	  843854	  845321		
H/N Q139	117	8.017	118.858	 1002038	 1002038		
H/N Q259	136	8.603	123.614	  735579	  946773	1	
H/N R110	5	9.224	124.850	  176288	  176623	2	
H/N R117	70	8.295	119.114	  640196	  702378		
H/N R127	124	8.918	126.035	  607913	  607913		
H/N R135	58	8.195	119.634	 1298372	 1791742	1	
H/N R165	13	8.737	117.853	  787732	  787732		
H/N R249	44	6.977	126.403	 1263818	 1263818		
H/N R256	111	8.419	119.101	  866785	  866917		
H/N S142	66	8.945	118.843	  765788	  770250		
H/N S150	146	8.031	116.665	  702378	  702378		
H/N S189	160	8.335	114.619	  272616	  345019	1	
H/N S207	153	7.948	114.766	  244119	  244329	2	
H/N S223	2	9.059	123.225	  605003	  605004		
H/N S229	164	7.349	114.490	  541013	  541013		
H/N S230	113	8.748	119.815	  610641	  610822		
H/N S251	128	8.692	118.662	  547220	  551921		
H/N S260	158	7.880	115.420	  859718	  859718		
H/N T115	121	9.203	117.399	  632637	  632637		
H/N T122	52	8.490	114.394	  578826	  578826		
H/N T145	86	7.419	110.276	 1201282	 1201282		
H/N T154	81	7.427	111.783	  467770	  469024		
H/N T204	80	8.404	110.318	  525016	  525016		
H/N T205	71	8.210	110.371	  537122	  544649		
H/N T210	98	9.154	124.853	  717803	  717803		
H/N T215	49	7.788	114.078	  747362	  747626		
H/N T239	172	6.383	110.083	 1013673	 1013673		
H/N T247	3	7.622	109.579	  952590	  952590		
H/N V108	11	7.216	110.600	  721917	  721917		
H/N V130	60	7.710	124.027	  740427	  740427		
H/N V140	100	7.637	117.526	 1179467	 1179467		
H/N V144	127	7.065	106.262	  908960	  908960		
H/N V161	139	8.723	125.431	  464661	  464661		
H/N V162	150	8.677	126.797	  613102	  613730		
H/N V217	50	8.281	118.839	  847724	  894683		
H/N V235	159	9.807	124.193	  337820	  337820		
H/N V243	63	5.726	124.496	  876172	  876172		
H/N W109	157	8.161	122.547	  440962	  441172		
H/N W141	69	6.636	116.676	 1115476	 1115476		
H/N W203	25	9.134	131.583	  543195	  543195		
H/N Y113	9	6.959	120.440	 1006401	 1006401		
H/N Y116	103	8.595	117.467	  825782	  825782		
H/N Y121	90	7.017	117.369	  404664	  404664		
H/N Y132	123	8.087	119.546	  968588	  968588		
H/N Y240	76	8.125	125.402	  632637	  632637		
H/N Y242	19	7.849	118.008	  987494	  987494		
H/N Y262	135	7.704	114.405	  778515	 1293691	1	
HD21/ND2 N119	68	7.410	112.335	   32367	   46213		
HD21/ND2 N120	34	7.469	114.564	   30042	   30042		
HD21/ND2 N126	64	7.607	114.030	   15135	   15135		
HD21/ND2 N143	67	7.573	111.835	   39914	   39914		
HD21/ND2 N153	24	7.409	112.109	   56169	   74535		
HD21/ND2 N211	152	7.916	110.903	    8681	    8681		
HD21/ND2 N246	122	7.953	115.198	   37617	   41842		
HD22/ND2 N119	154	6.793	112.335	    5273	   14748		
HD22/ND2 N120	115	6.997	114.564	  192048	  192049		
HD22/ND2 N126	147	6.922	114.030	    9351	    9351		
HD22/ND2 N143	151	6.952	111.835	   24553	   24553		
HD22/ND2 N153	102	6.799	112.109	   42465	   43642		
HD22/ND2 N211	40	6.301	110.903	    5407	    5407		
HD22/ND2 N246	17	7.003	115.198	   25868	   25871		
HE/NE R110	168	7.194	86.288				
HE/NE R117	116	7.294	84.928				
HE/NE R127	65	6.914	86.318				
HE/NE R135	7	7.374	86.718				
HE/NE R165	48	8.034	85.828				
HE/NE R249	72	6.994	86.848				
HE/NE R256	53	7.314	85.708				
HE1/NE1 W109	21	10.108	127.066	  481386	  481386		
HE1/NE1 W141	85	9.812	127.914	  475568	  475568		
HE1/NE1 W203	101	9.254	125.290	  798971	  799045		
HE21/NE2 Q139	42	7.566	112.916	   39268	   39268		
HE21/NE2 Q259	96	7.870	110.175	   14953	   14953		
HE22/NE2 Q139	129	6.928	112.916	   52297	   59992		
HE22/NE2 Q259	6	6.634	110.175	   21146	   21146		
