H/N A133	155	8.019	121.680	  393448	  469024	1	
H/N A137	21	7.986	123.501	 1173650	 1173650		
H/N A157	112	7.919	127.193	  568398	  584644		
H/N A164	135	9.086	126.021	  817555	  817555		
H/N A167	141	9.130	134.262	   94739	   94739	3	
H/N A173	174	7.894	123.439	  968588	  968588		
H/N A182	146	7.461	114.943	 1219512	 1221643		
H/N A184	41	8.347	120.830	  178668	  184850	2	
H/N A195	120	8.547	119.844	  686948	  686952		
H/N A216	36	9.405	124.859	  795960	  795960		
H/N A234	144	8.133	123.734	 1198373	 1198373		
H/N A252	71	8.773	123.524	  309772	  309774		
H/N D124	14	8.810	121.857	  658158	  658158		
H/N D129	104	7.420	119.817	 1086389	 1086389		
H/N D131	22	8.336	118.435	  951124	  951136		
H/N D158	125	8.005	121.359	 1681147	 1698869		
H/N D175	103	8.231	116.392	  745113	  796988		
H/N D194	25	8.247	122.525	 1045668	 1045668		
H/N D198	58	8.109	123.021	  744692	  745569		
H/N D200	118	9.008	119.449	  818584	  818584		
H/N D231	17	8.912	126.628	  770218	  770250		
H/N D244	77	7.807	118.892	 1070392	 1070392		
H/N D253	79	8.213	117.671	  375877	  382040		
H/N D254	168	7.425	118.951	  974405	  974405		
H/N E128	34	9.069	116.249	 1044214	 1044214		
H/N E199	147	9.468	130.695	  312318	  312319		
H/N E201	23	7.373	116.733	 1070392	 1070392		
H/N E219	105	8.807	115.033	  227854	  509745	2	
H/N F138	73	7.705	114.368	 1421208	 1421209	2	
H/N F149	24	8.179	119.515	  847834	 1067483		
H/N F163	106	8.540	125.736	  554830	  554830		
H/N F174	5	7.911	119.804	  839151	  839151		
H/N F185	93	8.008	120.728	 1039795	 1039851		
H/N F197	166	9.137	122.947	  525016	  525016		
H/N F202	137	8.397	126.380	  734256	  734257		
H/N F213	30	9.217	120.590	  636055	  730144	1	
H/N F237	50	7.943	127.513	  826956	  838123		
H/N F248	33	7.177	123.177	 1236186	 1236186		
H/N G155	64	8.267	109.737	  130296	  691066	2	
H/N G166	26	9.485	108.213	  294140	  294140		
H/N G176	6	8.747	110.120	  514108	  514108		
H/N G178	3	11.076	121.557	  482113	  482113		
H/N G179	128	8.456	110.529	  719860	  719860		
H/N G186	38	8.204	105.457	  501019	  501019		
H/N G188	161	5.624	106.807	  669470	  669470		
H/N G190	149	8.947	112.262	   87926	   87926	3	
H/N G192	110	7.608	106.091	  723974	  723974	5	
H/N G193	37	7.834	119.631	  460297	  460298		
H/N G208	169	9.551	115.291	   83041	   83041	3	
H/N G209	152	7.890	108.233	  971497	  971497		
H/N G221	156	7.485	108.121	  939501	  939501		
H/N G225	129	8.113	106.593	  641704	  641704		
H/N G227	123	8.299	109.897	  572300	  592642		
H/N G257	69	8.281	106.836	  800073	  800073		
H/N G263	66	8.082	115.814	 2242587	 2242587		
H/N H112	138	8.314	114.645	  129521	  174309	3	
H/N H168	178	9.223	120.780	  259426	  490112	1	
H/N H172	132	7.484	120.956	 1103841	 1103841		
H/N H183	153	9.254	114.588	  695179	  695179		
H/N H196	131	9.274	121.548	  551194	  551194		
H/N H206	40	7.964	122.654	  710605	  710605		
H/N H218	9	6.891	117.826	  917686	  917686		
H/N H222	87	7.099	119.764	 1291634	 1291634		
H/N H228	53	8.405	115.193	  762023	  762023		
H/N I114	44	8.253	128.577	  738371	  738371		
H/N I118	74	9.127	127.113	  647874	  647874		
H/N I134	164	8.013	114.007	  887485	  887485		
H/N I152	46	8.698	123.536	  525439	  562101		
H/N I159	32	8.893	124.282	  537378	  537378		
H/N I180	55	10.662	132.036	  241784	  241784		
H/N I191	78	8.958	133.892	  185879	  185879	3	
H/N I220	140	8.802	114.911	  437999	  584644	1	
H/N I245	86	7.745	124.190	  615152	  666385		
H/N I255	81	7.922	118.847	  840180	  840180		
H/N I258	111	8.607	123.613	 1071839	 1073300		
H/N K111	88	7.490	116.054	 1244912	 1244912		
H/N K136	154	8.479	119.032	  868080	  910415		
H/N K148	177	8.122	122.507	 1187644	 1188193		
H/N K151	45	8.080	127.738	 1013673	 1013673		
H/N K177	130	8.664	124.196	  907497	  907506		
H/N K233	15	8.227	116.732	 1070648	 1106750		
H/N K241	134	7.441	127.034	  663300	  663300		
H/N L147	157	6.897	116.472	  955405	  955499		
H/N L160	94	7.533	130.123	  651988	  651988	5	
H/N L181	124	9.392	130.564	  440657	  440657		
H/N L212	145	8.570	131.681	  575190	  575190		
H/N L214	150	8.922	118.039	 1214320	 1214371		
H/N L224	171	7.799	114.447	  231240	  231240	2	
H/N L226	57	8.229	121.250	   28951	   28951	4	
H/N L250	100	8.093	121.312	 1019490	 1019490		
H/N L261	121	6.931	119.075	  782591	  782591		
H/N M125	158	6.899	113.255	 1218623	 1218734		
H/N M156	170	8.191	119.142	  244888	  261781		
H/N M236	159	7.587	115.268	  742649	  756881		
H/N N119	98	9.655	128.636	  510472	  510472		
H/N N120	63	7.756	113.324	  954045	  954045		
H/N N126	107	8.861	118.717	  897162	  898780		
H/N N143	92	7.964	115.247	  170471	  170967	2	
H/N N153	114	8.752	119.420	   86408	   97053	3	
H/N N211	72	8.425	125.723	  511198	  511200		
H/N N246	76	8.482	118.261	  803158	  803158		
H/N Q139	97	8.011	118.963	 1178013	 1178013		
H/N Q259	179	8.660	123.527	  909316	  932230		
H/N R110	165	9.229	124.830	  109265	  109265	3	
H/N R117	4	8.318	119.068	  815484	  815499		
H/N R127	67	8.914	126.019	  476244	  476295		
H/N R135	56	8.189	119.749	 1106463	 1271067		
H/N R165	142	8.757	118.020	  744541	  744541		
H/N R249	99	7.109	126.342	 1361563	 1361563		
H/N R256	151	8.503	119.292	  875717	  917686		
H/N S142	1	9.044	118.494	  825782	  825782		
H/N S150	139	8.039	116.609	  768194	  768194		
H/N S189	95	8.334	114.571	  125524	  171738	3	
H/N S207	85	7.927	114.564	  237053	  237057		
H/N S223	176	8.386	121.055	  672970	  674612		
H/N S229	16	7.087	114.336	  673583	  673583		
H/N S230	113	8.755	119.809	  545144	  546831		
H/N S251	127	8.861	118.241	  569624	  572282		
H/N S260	29	7.896	115.490	  970563	 1130020		
H/N T115	115	9.201	117.391	  562101	  562101		
H/N T122	181	8.504	114.562	  668441	  668441		
H/N T145	68	7.419	110.339	 1269010	 1269010		
H/N T154	75	7.424	111.770	  276446	  277779		
H/N T204	20	8.264	109.660	  597142	  722945		
H/N T205	54	8.255	110.069	  677484	  693122		
H/N T210	80	9.136	124.656	  730144	  730144		
H/N T215	167	7.546	115.118	 1067765	 1077663		
H/N T239	35	6.361	111.172	 1080556	 1080572		
H/N T247	43	7.537	109.337	  978768	  978768		
H/N V108	143	7.216	110.487	  601368	  601368		
H/N V130	8	7.714	124.034	  813793	  852520		
H/N V140	39	7.614	117.475	 1369790	 1369790		
H/N V144	109	7.116	106.503	 1009310	 1009310		
H/N V161	122	8.735	125.408	  450845	  450845	5	
H/N V162	83	8.724	126.824	  565737	  565737		
H/N V217	47	8.255	117.886	 1027416	 1029670		
H/N V235	11	11.315	131.365	  146161	  146161	3	
H/N V243	117	5.868	124.342	  681810	  681810		
H/N W109	108	8.181	122.973	   89845	   89854	4	
H/N W141	52	6.689	116.882	 1198373	 1198373		
H/N W203	18	9.162	131.498	  603550	  603550		
H/N Y113	173	6.953	120.312	 1022399	 1022399		
H/N Y116	102	8.587	117.451	  850463	  850463		
H/N Y121	70	6.930	116.951	  400327	  400551		
H/N Y132	116	8.088	119.664	 1148926	 1148926		
H/N Y240	133	8.247	127.580	  678725	  678725		
H/N Y242	27	8.457	122.961	  795960	  795960		
H/N Y262	175	7.627	114.351	  248592	  248692	2	
HD21/ND2 N119	2	7.408	112.274	   -2662	   26063		
HD21/ND2 N120	13	7.466	114.588	   58743	  102966		
HD21/ND2 N126	10	7.595	114.001	   22741	   23814		
HD21/ND2 N143	49	7.555	111.888	   51805	   51805		
HD21/ND2 N153	19	7.410	112.123	   51889	   57538		
HD21/ND2 N211	82	7.907	111.072	    7034	    7034		
HD21/ND2 N246	163	7.905	115.228	 1127998	 1265273		
HD22/ND2 N119	84	6.799	112.276	   32169	   32223		
HD22/ND2 N120	91	6.997	114.578	  198218	  198219		
HD22/ND2 N126	89	6.918	113.989	   30405	   30405		
HD22/ND2 N143	136	6.949	111.891	   37313	   37313		
HD22/ND2 N153	101	6.802	111.733	  114332	  114348		
HD22/ND2 N211	160	6.350	110.594	  122565	  122710		
HD22/ND2 N246	65	6.998	115.201	   18921	   18930		
HE1/NE1 W109	7	10.079	127.039	  565010	  565010		
HE1/NE1 W141	31	9.996	128.187	  809328	  809328		
HE1/NE1 W203	42	9.296	125.648	  762023	  762023		
HE21/NE2 Q139	162	7.553	112.857	   41328	   41328		
HE21/NE2 Q259	148	7.827	110.160	   33723	   33723		
HE22/NE2 Q139	62	6.929	112.859	   47412	   50262		
HE22/NE2 Q259	48	6.651	110.159	   10477	   10477		
